   10000.000000000000        10000.000000000009        80.000000000000043        50.000000000000007        100.00000000000004        10000.000000000000        110.91585126661195        10000.092597636714        110.92807908229290        10000.092784944583        76.457410004400018        79.567028162454335        80.395377420272055        10000.000000000004        10000.828349257825        79.968982558769881        10000.646643184065       0.40195439631554564       0.11712515851040987     
   10000.000000000000        10000.000000000009        90.501371035275810        50.000000000000007        110.50137103527581        10000.000000000000        120.46940928327658        10000.092597664117        120.48009455087859        10000.092792695938        89.756830075803194        90.067815119077366        90.896213971041220        10000.000000000004        10000.828398851969        90.469674223711010        10000.646681900391       0.40185910463364394       0.11715293205894653     
   10000.000000000000        10000.000000000009        102.10553000675687        50.000000000000007        122.10553000675687        10000.000000000000        131.19483759576144        10000.092597698194        131.20398468662819        10000.092802334120        103.70870745897820        101.67135724875283        102.49981302980250        10000.000000000002        10000.828455781057        102.07308237015026        10000.646726342931       0.40172512139743333       0.11719200486802113     
   10000.000000000000        10000.000000000009        114.92828476735639        50.000000000000007        134.92828476735639        10000.000000000000        143.20602712420967        10000.092597740508        143.21364038889362        10000.092814303407        118.53850671761364        114.49345424924958        115.32197553546379        10000.000000000000        10000.828521286221        114.89500731554023        10000.646777480630       0.40155306629064569       0.11724221861211853     
   10000.000000000000        10000.000000000009        129.09760458230994        50.000000000000007        149.09760458230994        10000.000000000000        156.62828253120719        10000.092597793004        156.63436352333673        10000.092829152201        134.44638796473399        128.66206713776089        129.49066398109218        10000.000000000004        10000.828596843337        129.06340998883400        10000.646836465687       0.40134285107311030       0.11730362770019363     
   10000.000000000000        10000.000000000009        144.75489724420663        50.000000000000007        164.75489724420663        10000.000000000000        171.59981974942934        10000.092597858073        171.60436468360248        10000.092847557236        151.62424512765102        144.31859515935747        145.14727937023198        10000.000000000002        10000.828684210879        144.71968895845117        10000.646904670923       0.40109379909370091       0.11737646527767964     
   10000.000000000000        10000.000000000009        162.05642030260807        50.000000000000007        182.05642030260807        10000.000000000000        188.27336671930701        10000.092597938665        188.27636418157681        10000.092870353532        170.26530979028232        161.61928683286061        162.44807232086450        10000.000000000000        10000.828785488011        162.02009156472792        10000.646983735145       0.40080473186731069       0.11746111919157737     
   10000.000000000000        10000.000000000009        181.17484049212607        50.000000000000007        201.17484049212607        10000.000000000000        206.81787877725503        10000.092598038425        206.81930766795909        10000.092898571487        190.57033345096841        180.73679920557220        181.56570239069728        10000.000000000000        10000.828903185131        181.13727323934069        10000.647075618204       0.40047403376848933       0.11755811466575722     
   10000.000000000000        10000.000000000009        202.30095692182840        50.000000000000007        222.30095692182840        10000.000000000000        227.42038520808018        10000.092598161847        227.42021287282861        10000.092933482701        212.75208810477403        201.86192087033675        202.69096118001670        10000.000000000002        10000.829040309685        202.26202057293821        10000.647182668003       0.40009970260146588       0.11766810141648402     
   10000.000000000000        10000.000000000009        225.64560522315816        50.000000000000007        245.64560522315816        10000.000000000000        250.28798727059203        10000.092598314484        250.28616776250684        10000.092976656726        237.03902402354046        225.20547593442703        226.03467640499048        10000.000000000002        10000.829200470571        225.60515532621395        10000.647307701985       0.39967939178691836       0.11779184353721611     
   10000.000000000000        10000.000000000009        251.44176165949074        50.000000000000007        271.44176165949074        10000.000000000000        275.65003085611227        10000.092598503184        275.64650326739820        10000.093030031217        263.67852684166127        251.00042793648933        251.82981594182914        10000.000000000004        10000.829388005350        251.39963838518756        10000.647454106478       0.39921044869822708       0.11793021083474327     
   10000.000000000000        10000.000000000009        279.94686819604277        50.000000000000007        299.94686819604277        10000.000000000000        303.76047920435417        10000.092598736403        303.75516600498389        10000.093095998833        292.94002677202576        279.50420470353009        280.33381283893590        10000.000000000002        10000.829608135415        279.90289465653865        10000.647625957823       0.39868995300855659       0.11808417048674408     
   10000.000000000000        10000.000000000009        311.44540173399872        50.000000000000007        331.44540173399872        10000.000000000000        334.90051309516059        10000.092599024589        334.89331841854886        10000.093177514813        325.11811680555843        311.00126734470462        311.83113450017112        10000.000000000004        10000.829867155477        311.39938210332593        10000.647828170288       0.39811475862131829       0.11825477795761728     
   10000.000000000000        10000.000000000009        346.25171314944629        50.000000000000007        366.25171314944629        10000.000000000000        369.38138790405145        10000.092599380654        369.37219572240053        10000.093278230286        360.53578592073939        345.80594901453844        346.63612167974736        10000.000000000000        10000.830172665217        346.20343055728807        10000.648066676953       0.39748154274963099       0.11844316608197553     
   10000.000000000000        10000.000000000009        384.71316447032348        50.000000000000007        404.71316447032348        10000.000000000000        407.54757903244212        10000.092599820549        407.53625116684856        10000.093402657501        399.54784574586813        384.26559176945898        385.09612562244450        10000.000000000002        10000.830533852990        384.66237863540977        10000.648348651177       0.39678686595078716       0.11865053110970042     
   10000.000000000000        10000.000000000009        427.21359549995799        50.000000000000007        447.21359549995799        10000.000000000000        449.78024962225891        10000.092600363994        449.76662353393351        10000.093556374781        442.54461418548635        426.76401281495174        427.59497465870766        10000.000000000000        10000.830961843762        427.16004006232487        10000.648682778239       0.39602724737312656       0.11887811430827588     
   10000.000000000000        10000.000000000009        474.17715448360588        50.000000000000007        494.17715448360588        10000.000000000000        496.50107722208708        10000.092601035378        496.48496353064030        10000.093746280874        489.95591185135686        473.72533472582342        474.55680485246791        10000.000000000002        10000.831470126655        474.12053398598641        10000.649079589144       0.39519926016299678       0.11912717742183285     
   10000.000000000000        10000.000000000009        526.07253104749725        50.000000000000007        546.07253104749725        10000.000000000000        548.17647924501171        10000.092601864881        548.15765891725084        10000.093980910953        542.25542386333098        525.61821785158304        526.45029293306868        10000.000000000004        10000.832075081489        526.01251750449046        10000.649551871695       0.39429965290742075       0.11939896988311134     
   10000.000000000000        1000.0000000000007        90.501371035275810        50.000000000000007        110.50137103527581        10000.000000000000        120.46941388731409        10000.092597748149        120.48139671291023        10000.092816464707        89.756830075803194        86.798079367020108        93.476597273430599        1006.4967435193109        10000.181774387102        89.658438680824659        1006.5188436053161        2.8603593138045511        1.6459111327448876E-002
   10000.000000000000        1000.0000000000007        102.10553000675687        50.000000000000007        122.10553000675687        10000.000000000000        131.19484176198168        10000.092597791394        131.20516304403833        10000.092828697008        103.70870745897820        98.348321158980625        105.04420642949412        1006.5140983887688        10000.181786881745        101.18568734987281        1006.5362963815542        2.8373661908921832        1.6592490787243386E-002
   10000.000000000000        1165.9144011798321        80.000000000000043        50.000000000000007        100.00000000000004        10000.000000000000        110.91585570318442        10000.092597704672        110.92933385275013        10000.092804166550        76.457410004400018        76.876769937533510        82.616520435718471        1171.4723879304092        10000.181763747607        79.398859527196947        1171.4864625698015        2.5220895896634374        1.8666653466777480E-002
   10000.000000000000        1165.9144011798321        90.501371035275810        50.000000000000007        110.50137103527581        10000.000000000000        120.46941341043802        10000.092597739445        120.48126183848235        10000.092814002788        89.756830075803194        87.342283024992014        93.091282546324862        1171.4816260687546        10000.181774632410        89.849570428296005        1171.4957378205188        2.5072874033039909        1.8776855146472572E-002
   10000.000000000000        1165.9144011798321        102.10553000675687        50.000000000000007        122.10553000675687        10000.000000000000        131.19484134437374        10000.092597782052        131.20504492991293        10000.092826054481        103.70870745897820        98.907552596747664        104.66784585873468        1171.4929073147300        10000.181787127092        101.39746345310154        1171.5070655108161        2.4899108563538732        1.8907894739394394E-002
   10000.000000000000        1165.9144011798321        114.92828476735639        50.000000000000007        134.92828476735639        10000.000000000000        143.20603042209180        10000.092597834317        143.21457316553457        10000.092840837469        118.53850671761364        111.68767878031443        117.46177667552912        1171.5066975709933        10000.181801504055        114.15765414055193        1171.5209138206708        2.4699753602374983        1.9060502845618492E-002
   10000.000000000000        1359.3563908785268        80.000000000000043        50.000000000000007        100.00000000000004        10000.000000000000        110.91585519685580        10000.092597696916        110.92919065143384        10000.092801972822        76.457410004400018        77.325561761096196        82.272787757720550        1364.1218528296727        10000.181764045479        79.530528313721291        1364.1308634029340        2.2049665526250948        2.1351331758917218E-002
   10000.000000000000        1359.3563908785268        90.501371035275810        50.000000000000007        110.50137103527581        10000.000000000000        120.46941295083187        10000.092597731058        120.48113184835553        10000.092811630031        89.756830075803194        87.800886406904610        92.754171399963084        1364.1279009412683        10000.181774930319        89.994744265126769        1364.1369291923058        2.1938578582221595        2.1459445153190485E-002
   10000.000000000000        1359.3563908785268        102.10553000675687        50.000000000000007        122.10553000675687        10000.000000000000        131.19484093789782        10000.092597772958        131.20492996422468        10000.092823482393        103.70870745897820        99.376900116642801        104.33755421445908        1364.1352575513065        10000.181787425039        101.55768780724186        1364.1443078822347        2.1807876905990611        2.1588058564968250E-002
   10000.000000000000        1359.3563908785268        114.92828476735639        50.000000000000007        134.92828476735639        10000.000000000000        143.20603007483894        10000.092597824438        143.21447494844207        10000.092838043545        118.53850671761364        112.16892628862182        117.13855283711030        1364.1442156249668        10000.181801802049        114.33468373385529        1364.1532934964971        2.1657574452334671        2.1737878581938482E-002
   10000.000000000000        1359.3563908785268        129.09760458230994        50.000000000000007        149.09760458230994        10000.000000000000        156.62828502145430        10000.092597887748        156.63506787840942        10000.092855950881        134.44638796473399        126.30439885389895        131.28496305925771        1364.1551366986034        10000.181818385281        128.45314701931818        1364.1642488908797        2.1487481654192351        2.1909953497611927E-002
   10000.000000000000        1584.8931924611156        80.000000000000043        50.000000000000007        100.00000000000004        10000.000000000000        110.91585471870441        10000.092597689592        110.92905541910879        10000.092799901175        76.457410004400018        77.705824582260206        81.973700225071340        1588.9793036938647        10000.181764410063        79.631327887849565        1588.9850858734969        1.9255033055893591        2.4450216338633837E-002
   10000.000000000000        1584.8931924611156        90.501371035275810        50.000000000000007        110.50137103527581        10000.000000000000        120.46941251352558        10000.092597723075        120.48100816515125        10000.092809372396        89.756830075803194        88.188224197485169        92.460085302581547        1588.9832782712676        10000.181775294945        90.105430332665719        1588.9890689030608        1.9172061351805496        2.4556030527192532E-002
   10000.000000000000        1584.8931924611156        102.10553000675687        50.000000000000007        122.10553000675687        10000.000000000000        131.19484054795524        10000.092597764236        131.20481967464190        10000.092821014927        103.70870745897820        99.771948230472049        104.04863687363599        1588.9880933145655        10000.181787789716        101.67936891798171        1588.9938944829175        1.9074206875096564        2.4682007850025511E-002
   10000.000000000000        1584.8931924611156        114.92828476735639        50.000000000000007        134.92828476735639        10000.000000000000        143.20602973866934        10000.092597814877        143.21437986606773        10000.092835338797        118.53850671761364        112.57246913779994        116.85501263178422        1588.9939337883159        10000.181802166784        114.46861042918373        1588.9997480728450        1.8961412913837847        2.4828831372611816E-002
   10000.000000000000        1584.8931924611156        129.09760458230994        50.000000000000007        149.09760458230994        10000.000000000000        156.62828474511426        10000.092597877234        156.63498971703777        10000.092852977059        134.44638796473399        126.71739025108187        131.00704360150880        1589.0010270614582        10000.181818750081        128.60073615550522        1589.0068576562971        1.8833459044233507        2.4997517594533010E-002
   10000.000000000000        1584.8931924611156        144.75489724420663        50.000000000000007        164.75489724420663        10000.000000000000        171.59982149691308        10000.092597954079        171.60485895793116        10000.092874713117        151.62424512765102        142.34770987917730        146.64600859922808        1589.0096532555897        10000.181837925576        144.21671003767932        1589.0155041193511        1.8690001585020184        2.5189389186648137E-002
   10000.000000000000        1584.8931924611156        162.05642030260807        50.000000000000007        182.05642030260807        10000.000000000000        188.27336793149198        10000.092598048830        188.27670705091398        10000.092901514401        170.26530979028232        159.61921779440431        163.92804389172264        1589.0201584044369        10000.181860153996        161.47227846160916        1589.0260344498131        1.8530606672048577        2.5406061018729591E-002
   10000.000000000000        1847.8497974222912        80.000000000000043        50.000000000000007        100.00000000000004        10000.000000000000        110.91585427136279        10000.092597682738        110.92892890036566        10000.092797963014        76.457410004400018        78.028513585281871        81.714016716521797        1851.3535356929222        10000.181764860610        79.708829914753579        1851.3572578698102        1.6803163294717081        2.8017922314196652E-002
   10000.000000000000        1847.8497974222912        90.501371035275810        50.000000000000007        110.50137103527581        10000.000000000000        120.46941210179050        10000.092597715560        120.48089171412538        10000.092807246776        89.756830075803194        88.516028858189443        92.204165951335398        1851.3561587698921        10000.181775745545        90.190177755826369        1851.3598850113501        1.6741488976369254        2.8121138119116363E-002
   10000.000000000000        1847.8497974222912        102.10553000675687        50.000000000000007        122.10553000675687        10000.000000000000        131.19484017827551        10000.092597755967        131.20471511602844        10000.092818675677        103.70870745897820        100.10530497107789        103.79661916780199        1851.3593233786391        10000.181788240376        101.77216156925580        1851.3630546764957        1.6668565981779153        2.8244164755311080E-002
   10000.000000000000        1847.8497974222912        114.92828476735639        50.000000000000007        134.92828476735639        10000.000000000000        143.20602941754339        10000.092597805742        143.21428903859820        10000.092832755085        118.53850671761364        112.91191519446811        116.60706710573463        1851.3631467160410        10000.181802617517        114.57034611018888        1851.3668842953200        1.6584309157207713        2.8387659646318987E-002
   10000.000000000000        1847.8497974222912        129.09760458230994        50.000000000000007        149.09760458230994        10000.000000000000        156.62828447890766        10000.092597867106        156.63491442183968        10000.092850112293        134.44638796473399        127.06357573000848        130.76336988507344        1851.3677723764561        10000.181819200901        128.71242599100887        1851.3715177505571        1.6488502610003906        2.8552606319660966E-002
   10000.000000000000        1847.8497974222912        144.75489724420663        50.000000000000007        164.75489724420663        10000.000000000000        171.59982129169342        10000.092597942805        171.60480091180025        10000.092871524006        151.62424512765102        142.70141443961197        146.40683201137782        1851.3733766175692        10000.181838376488        144.33949732035646        1851.3771316571595        1.6380828807444914        2.8740287158741013E-002
   10000.000000000000        1847.8497974222912        162.05642030260807        50.000000000000007        182.05642030260807        10000.000000000000        188.27336779284613        10000.092598036230        188.27666783465875        10000.092897950322        170.26530979028232        159.98137286810697        163.69361230039058        1851.3801762495573        10000.181860605015        161.60746208270299        1851.3839432689499        1.6260892145960213        2.8952269014409830E-002
   10000.000000000000        1847.8497974222912        181.17484049212607        50.000000000000007        201.17484049212607        10000.000000000000        206.81787931522257        10000.092598151576        206.81945983480347        10000.092930576267        190.57033345096841        179.07575496891621        182.79628261601195        1851.3884386318939        10000.181886437491        180.68857888828410        1851.3922204979372        1.6128239193678837        2.9190398168738797E-002
   10000.000000000000        1847.8497974222912        202.30095692182840        50.000000000000007        222.30095692182840        10000.000000000000        227.42038514016255        10000.092598294001        227.42019366188143        10000.092970862395        212.75208810477403        200.17493731366426        203.90555086193442        1851.3984944365523        10000.181916534008        201.77317502499474        1851.4022947067510        1.5982377113304835        2.9456802357155372E-002
   10000.000000000000        2154.4346900318851        80.000000000000043        50.000000000000007        100.00000000000004        10000.000000000000        110.91585385607236        10000.092597676379        110.92881144631073        10000.092796163723        76.457410004400018        78.302720644094506        81.488955360840251        2157.4391593245873        10000.181765424044        79.768701480571693        2157.4415653446763        1.4659808364771862        3.2114316375067453E-002
   10000.000000000000        2154.4346900318851        90.501371035275810        50.000000000000007        110.50137103527581        10000.000000000000        120.46941171748583        10000.092597708544        120.48078302113720        10000.092805262768        89.756830075803194        88.793944222602121        91.981929087374013        2157.4408985876107        10000.181776309049        90.255363672967604        2157.4433065784856        1.4614194503654829        3.2214551661154181E-002
   10000.000000000000        2154.4346900318851        102.10553000675687        50.000000000000007        122.10553000675687        10000.000000000000        131.19483983120816        10000.092597748200        131.20461695292812        10000.092816479513        103.70870745897820        100.38723064576034        103.57731736737901        2157.4429879495478        10000.181788803955        101.84324156718314        2157.4453983862104        1.4560109214228021        3.2334216515635207E-002
   10000.000000000000        2154.4346900318851        114.92828476735639        50.000000000000007        134.92828476735639        10000.000000000000        143.20602911413243        10000.092597797111        143.21420322158588        10000.092830313904        118.53850671761364        113.19822216688657        116.39083722886180        2157.4455019126754        10000.181803181187        114.64796845870183        2157.4479153807270        1.4497462918152593        3.2473938818264388E-002
   10000.000000000000        2154.4346900318851        129.09760458230994        50.000000000000007        149.09760458230994        10000.000000000000        156.62828422560915        10000.092597857469        156.63484277758135        10000.092847386431        134.44638796473399        127.35471119256663        130.55037242619699        2157.4485315008442        10000.181819764672        128.79731743700563        2157.4509487222895        1.4426062444390055        3.2634665601854698E-002
   10000.000000000000        2154.4346900318851        144.75489724420663        50.000000000000007        164.75489724420663        10000.000000000000        171.59982109488752        10000.092597931993        171.60474524546365        10000.092868465643        151.62424512765102        142.99791187507307        146.19724887769593        2157.4521880941293        10000.181838940382        144.43247506652651        2157.4546099594131        1.4345631914534351        3.2817635823149831E-002
   10000.000000000000        2154.4346900318851        162.05642030260807        50.000000000000007        182.05642030260807        10000.000000000000        188.27336765871073        10000.092598024039        188.27662989416820        10000.092894502188        170.26530979028232        160.28386545604690        163.48764481250188        2157.4566082192937        10000.181861169045        161.70944839922004        2157.4590358272162        1.4255829431731399        3.3024365651866922E-002
   10000.000000000000        2154.4346900318851        181.17484049212607        50.000000000000007        201.17484049212607        10000.000000000000        206.81787924957192        10000.092598137764        206.81944126519917        10000.092926670577        190.57033345096841        179.38499303648715        182.59414957054901        2157.4619595642653        10000.181887001678        180.80061916112118        2157.4643942719163        1.4156261246340307        3.3256642812088046E-002
   10000.000000000000        2154.4346900318851        202.30095692182840        50.000000000000007        222.30095692182840        10000.000000000000        227.42038514823375        10000.092598278294        227.42019594487655        10000.092966420258        212.75208810477403        200.49181088884146        203.70748652941603        2157.4684485740759        10000.181917098385        201.89646034501723        2157.4708920595954        1.4046494561757754        3.3516527682706777E-002
   10000.000000000000        2154.4346900318851        225.64560522315816        50.000000000000007        245.64560522315816        10000.000000000000        250.28798660953555        10000.092598451944        250.28598077666777        10000.093015537768        237.03902402354046        223.81482496810608        227.03841729842841        2157.4763301109397        10000.181952251271        225.20743194906379        2157.4787844528660        1.3926069809577086        3.3806359601930000E-002
   10000.000000000000        2511.8864315095834        80.000000000000043        50.000000000000007        100.00000000000004        10000.000000000000        110.91585347302110        10000.092597670511        110.92870311016387        10000.092794504108        76.457410004400018        78.536013559160239        81.294200666611587        2514.4628524778173        10000.181766139216        79.815188558933230        2514.4644162280861        1.2791749997729909        3.6804168617092479E-002
   10000.000000000000        2511.8864315095834        90.501371035275810        50.000000000000007        110.50137103527581        10000.000000000000        120.46941136137308        10000.092597702047        120.48068230159348        10000.092803424302        89.756830075803194        89.029931487731702        91.789288555844209        2514.4640115533889        10000.181777024309        90.305751275606340        2514.4655762701873        1.2758197878746387        3.6900957979999878E-002
   10000.000000000000        2511.8864315095834        102.10553000675687        50.000000000000007        122.10553000675687        10000.000000000000        131.19483950800225        10000.092597740970        131.20452553863899        10000.092814434340        103.70870745897820        100.62612262905481        103.38687843152246        2514.4653977927373        10000.181789519314        101.89795137085066        2514.4669637054949        1.2718287417958578        3.7016754563934121E-002
   10000.000000000000        2511.8864315095834        114.92828476735639        50.000000000000007        134.92828476735639        10000.000000000000        143.20602883005276        10000.092597789031        143.21412287219397        10000.092828028259        118.53850671761364        113.44027693053265        116.20270802276781        2514.4670587051614        10000.181803896659        114.70747063437871        2514.4686260962135        1.2671937038460612        3.7152151434721413E-002
   10000.000000000000        2511.8864315095834        129.09760458230994        50.000000000000007        149.09760458230994        10000.000000000000        156.62828398703837        10000.092597848392        156.63477529895798        10000.092844819061        134.44638796473399        127.60023885921262        130.36468001624959        2514.4690521863477        10000.181820480271        128.86213722993955        2514.4706214031157        1.2618983707269251        3.7308053861179191E-002
   10000.000000000000        2511.8864315095834        144.75489724420663        50.000000000000007        164.75489724420663        10000.000000000000        171.59982090830295        10000.092597921739        171.60469247020967        10000.092865566123        151.62424512765102        143.24728080770203        146.01413783933620        2514.4714488850873        10000.181839656130        144.50320060151986        2514.4730203551690        1.2559197938178386        3.7485652040963720E-002
   10000.000000000000        2511.8864315095834        162.05642030260807        50.000000000000007        182.05642030260807        10000.000000000000        188.27336753060715        10000.092598012396        188.27659365979264        10000.092891209111        170.26530979028232        160.53751047901011        163.30727599627934        2514.4743351418792        10000.181861884974        161.78674003711174        2514.4759093917382        1.2492295581016322        3.7686406054910394E-002
   10000.000000000000        2511.8864315095834        181.17484049212607        50.000000000000007        201.17484049212607        10000.000000000000        206.81787918635675        10000.092598124471        206.81942338446245        10000.092922909776        190.57033345096841        179.64342607677074        182.41669893673475        2514.4778166517353        10000.181887717812        180.88522084289841        2514.4793943299501        1.2417947661276685        3.7912039627306826E-002
   10000.000000000000        2511.8864315095834        202.30095692182840        50.000000000000007        222.30095692182840        10000.000000000000        227.42038515607783        10000.092598263032        227.42019816361071        10000.092962103157        212.75208810477403        200.75563459796805        203.53314395385132        2514.4820230507148        10000.181917814753        201.98921351377754        2514.4836049569944        1.2335789158094883        3.8164540410874845E-002
   10000.000000000000        2511.8864315095834        225.64560522315816        50.000000000000007        245.64560522315816        10000.000000000000        250.28798669416457        10000.092598434347        250.28600471475778        10000.093010560186        237.03902402354046        224.08475011963827        226.86738526838280        2514.4871136904144        10000.181952967911        225.30929285626931        2514.4887008119722        1.2245427366310366        3.8446165228939344E-002
   10000.000000000000        2928.6445646252391        80.000000000000043        50.000000000000007        100.00000000000004        10000.000000000000        110.91585312162563        10000.092597665129        110.92860372693185        10000.092792981644        76.457410004400018        78.734710407677227        81.125891915126729        2930.8539790683399        10000.181767064347        79.851477446464557        2930.8550028035456        1.1167670387873301        4.2156484519400121E-002
   10000.000000000000        2928.6445646252391        90.501371035275810        50.000000000000007        110.50137103527581        10000.000000000000        120.46941103338705        10000.092597696061        120.48058953707663        10000.092801731045        89.756830075803194        89.230590116950026        91.622559079684734        2930.8547556384260        10000.181777949547        90.344904440126129        2930.8557798550796        1.1143143231761030        4.2249275095222992E-002
   10000.000000000000        2928.6445646252391        102.10553000675687        50.000000000000007        122.10553000675687        10000.000000000000        131.19483920905682        10000.092597734281        131.20444098602565        10000.092812542684        103.70870745897820        100.82889042320254        103.22179642913855        2930.8556801864929        10000.181790444683        101.94027635275036        2930.8567049966878        1.1113859295478221        4.2360597818229456E-002
   10000.000000000000        2928.6445646252391        114.92828476735639        50.000000000000007        134.92828476735639        10000.000000000000        143.20602856608554        10000.092597781522        143.21404821139706        10000.092825904434        118.53850671761364        113.64533455408275        116.03935785298390        2930.8567831019691        10000.181804822172        114.75330959385722        2930.8578086433636        1.1079750397744732        4.2491004483275419E-002
   10000.000000000000        2928.6445646252391        129.09760458230994        50.000000000000007        149.09760458230994        10000.000000000000        156.62828376424045        10000.092597839915        156.63471228158491        10000.092842421433        134.44638796473399        127.80780291692746        130.20316102582171        2930.8581013281764        10000.181821405962        128.91187139343083        2930.8591277698233        1.1040684765033717        4.2641351858460214E-002
   10000.000000000000        2928.6445646252391        144.75489724420663        50.000000000000007        164.75489724420663        10000.000000000000        171.59982073308572        10000.092597912113        171.60464291017419        10000.092862843248        151.62424512765102        143.45760767778594        145.85456346745661        2930.8596798328995        10000.181840582009        144.55725546258554        2930.8607073824346        1.0996477847996005        4.2812774265710937E-002
   10000.000000000000        2928.6445646252391        162.05642030260807        50.000000000000007        182.05642030260807        10000.000000000000        188.27336740956625        10000.092598001396        188.27655942309244        10000.092888097590        170.26530979028232        160.75090142918208        163.14977304055691        2930.8615734255341        10000.181862811078        161.84559149537043        2930.8626023380498        1.0946900661883490        4.3006668130588593E-002
   10000.000000000000        2928.6445646252391        181.17484049212607        50.000000000000007        201.17484049212607        10000.000000000000        206.81787912621584        10000.092598111822        206.81940637331627        10000.092919331875        190.57033345096841        179.86023386282614        182.26140689104267        2930.8638490092749        10000.181888644183        180.94940252312171        2930.8648795983122        1.0891686602955701        4.3224685118683513E-002
   10000.000000000000        2928.6445646252391        202.30095692182840        50.000000000000007        222.30095692182840        10000.000000000000        227.42038516359790        10000.092598248402        227.42020029071702        10000.092957964342        212.75208810477403        200.97627184631568        203.38021434497469        2930.8665883824710        10000.181918741426        202.05932558767117        2930.8676210336594        1.0830537413554850        4.3468731591742776E-002
   10000.000000000000        2928.6445646252391        225.64560522315816        50.000000000000007        245.64560522315816        10000.000000000000        250.28798677600321        10000.092598417330        250.28602786356277        10000.093005746721        237.03902402354046        224.30969992167357        226.71698092919920        2930.8698917378179        10000.181953894944        225.38601280079192        2930.8709269258584        1.0763128791183476        4.3740972811715052E-002
   10000.000000000000        2928.6445646252391        251.44176165949074        50.000000000000007        271.44176165949074        10000.000000000000        275.65002985010699        10000.092598626246        275.64621870799954        10000.093064840978        263.67852684166127        250.09332001486018        252.50463250152106        2930.8738820550930        10000.181995056806        251.16223161696473        2930.8749203650041        1.0689116021045493        4.4043840753268997E-002
   10000.000000000000        3414.5488738336035        80.000000000000043        50.000000000000007        100.00000000000004        10000.000000000000        110.91585280075834        10000.092597660214        110.92851297775444        10000.092791591451        76.457410004400018        78.904101241155601        80.980599542461718        3416.4436038440826        10000.181768290826        79.879964217103307        3416.4442806981360       0.97586297594770599        4.8243425094280062E-002
   10000.000000000000        3414.5488738336035        90.501371035275810        50.000000000000007        110.50137103527581        10000.000000000000        120.46941073286060        10000.092597690575        120.48050453890644        10000.092800179547        89.756830075803194        89.401412108753007        91.478444501302590        3416.4441270499801        10000.181779176175        90.375495356792328        3416.4448041489863       0.97408324803932089        4.8331569685832375E-002
   10000.000000000000        3414.5488738336035        102.10553000675687        50.000000000000007        122.10553000675687        10000.000000000000        131.19483893413471        10000.092597728133        131.20436322802612        10000.092810803038        103.70870745897820        101.00124734551507        103.07891224452457        3416.4447470611358        10000.181791671475        101.97319617273048        3416.4454244607227       0.97194882721541376        4.8437706867030632E-002
   10000.000000000000        3414.5488738336035        114.92828476735639        50.000000000000007        134.92828476735639        10000.000000000000        143.20602832237142        10000.092597774590        143.21397927899088        10000.092823943563        118.53850671761364        113.81935359197081        115.89776918448032        3416.4454833769523        10000.181806049161        114.78880796346185        3416.4461611452657       0.96945437149103952        4.8562339566333608E-002
   10000.000000000000        3414.5488738336035        129.09760458230994        50.000000000000007        149.09760458230994        10000.000000000000        156.62828355765214        10000.092597832056        156.63465384901070        10000.092840198242        134.44638796473399        127.98363629851761        130.06294474396321        3416.4463596458791        10000.181822633169        128.95022590529445        3416.4470378664132       0.96658960677683581        4.8706267946954956E-002
   10000.000000000000        3414.5488738336035        144.75489724420663        50.000000000000007        164.75489724420663        10000.000000000000        171.59982056984975        10000.092597903145        171.60459673900891        10000.092860306562        151.62424512765102        143.63543507790962        145.71580763783192        3416.4474045840439        10000.181841809483        144.59877518951967        3416.4480833591197       0.96334011161005151        4.8870561720647417E-002
   10000.000000000000        3414.5488738336035        162.05642030260807        50.000000000000007        182.05642030260807        10000.000000000000        188.27336729621453        10000.092597991095        188.27652736128852        10000.092885183729        170.26530979028232        160.93093319606453        163.01257650740465        3416.4486531060925        10000.181864038854        161.89062110643343        3416.4493325611315       0.95968791036889911        4.9056544188743056E-002
   10000.000000000000        3414.5488738336035        181.17484049212607        50.000000000000007        201.17484049212607        10000.000000000000        206.81787906956973        10000.092598099905        206.81939035067677        10000.092915961883        190.57033345096841        180.04271517255535        182.12587893179131        3416.4501477205390        10000.181889872303        180.99832711916505        3416.4508280093455       0.95561194660970727        4.9265784662320108E-002
   10000.000000000000        3414.5488738336035        202.30095692182840        50.000000000000007        222.30095692182840        10000.000000000000        227.42038517072666        10000.092598234529        227.42020230714104        10000.092954040885        212.75208810477403        201.16148794918374        203.24647434183311        3416.4519402562978        10000.181919969955        202.11257643645192        3416.4526215675864       0.95108848726817996        4.9500097007419086E-002
   10000.000000000000        3414.5488738336035        225.64560522315816        50.000000000000007        245.64560522315816        10000.000000000000        250.28798685414390        10000.092598401079        250.28604996637813        10000.093001150757        237.03902402354046        224.49798271493182        226.58515801131992        3416.4540940060424        10000.181955123946        225.44407421027651        3416.4547765715165       0.94609149534468884        4.9761542740918659E-002
   10000.000000000000        3414.5488738336035        251.44176165949074        50.000000000000007        271.44176165949074        10000.000000000000        275.65003000653189        10000.092598607111        275.64626295448255        10000.093059428367        263.67852684166127        250.28505626581480        252.37486511590137        3416.4566863973259        10000.181996286366        251.22564926613177        3416.4573705017256       0.94059300031696580        5.0052437522445384E-002
   10000.000000000000        3414.5488738336035        279.94686819604277        50.000000000000007        299.94686819604277        10000.000000000000        303.76047786288160        10000.092598861951        303.75478655323320        10000.093131511399        292.94002677202576        278.78001274586211        280.87299585233069        3416.4598123367896        10000.182044603282        279.71457623591692        3416.4604983304380       0.93456349005481343        5.0375360137012368E-002
   10000.000000000000        3981.0717055349769        80.000000000000043        50.000000000000007        100.00000000000004        10000.000000000000        110.91585250892697        10000.092597655745        110.92843044057740        10000.092790327059        76.457410004400018        79.048627483793624        80.855294474548572        3982.6966025548809        10000.181769970852        79.902455278316793        3982.6970562988677       0.85382779452316981        5.5138720810448912E-002
   10000.000000000000        3981.0717055349769        90.501371035275810        50.000000000000007        110.50137103527581        10000.000000000000        120.46941045870561        10000.092597685571        120.48042699934172        10000.092798764199        89.756830075803194        89.546984274337703        91.354016684071752        3982.6969570883125        10000.181780856399        90.399532622044887        3982.6974109605858       0.85254834770718446        5.5221469268021024E-002
   10000.000000000000        3981.0717055349769        102.10553000675687        50.000000000000007        122.10553000675687        10000.000000000000        131.19483868253911        10000.092597722505        131.20429206758394        10000.092809210999        103.70870745897820        101.14793880688022        102.95540186361549        3982.6973752397794        10000.181793351931        101.99894415498895        3982.6978292685471       0.85100534810872830        5.5321594026456533E-002
   10000.000000000000        3981.0717055349769        114.92828476735639        50.000000000000007        134.92828476735639        10000.000000000000        143.20602809857544        10000.092597768224        143.21391598022001        10000.092822142948        118.53850671761364        113.96725431296150        115.77522606959229        3982.6978695617245        10000.181807729885        114.81644916655978        3982.6983237814434       0.84919485359827718        5.5439540386905982E-002
   10000.000000000000        3981.0717055349769        129.09760458230994        50.000000000000007        149.09760458230994        10000.000000000000        156.62828336724721        10000.092597824812        156.63459999381527        10000.092838149209        134.44638796473399        128.13285383706594        129.94142785726737        3982.6984552409799        10000.181824314199        128.97996295674872        3982.6989096937441       0.84710911968278424        5.5576042434821130E-002
   10000.000000000000        3981.0717055349769        144.75489724420663        50.000000000000007        164.75489724420663        10000.000000000000        171.59982041879445        10000.092597894847        171.60455401314107        10000.092857959164        151.62424512765102        143.78609610790124        145.59538473886582        3982.6991506750774        10000.181843490864        144.63083328176430        3982.6996054123356       0.84473717386305225        5.5732094951046612E-002
   10000.000000000000        3981.0717055349769        162.05642030260807        50.000000000000007        182.05642030260807        10000.000000000000        188.27336719085636        10000.092597981520        188.27649756048291        10000.092882475352        170.26530979028232        161.08318556718964        162.89332393242123        3982.6999781795630        10000.181865720646        161.92525080869399        3982.7004332642205       0.84206524150434348        5.5908936816235467E-002
   10000.000000000000        3981.0717055349769        181.17484049212607        50.000000000000007        201.17484049212607        10000.000000000000        206.81787901666058        10000.092598088779        206.81937538504749        10000.092912814209        190.57033345096841        180.19673056235632        182.00788143964002        3982.7009648576882        10000.181891554570        181.03580763953889        3982.7014203666859       0.83907707718256574        5.6108042589478331E-002
   10000.000000000000        3981.0717055349769        202.30095692182840        50.000000000000007        222.30095692182840        10000.000000000000        227.42038517742134        10000.092598221503        227.42020420077665        10000.092950356342        212.75208810477403        201.31746519726130        203.12982498715417        3982.7021436720856        10000.181921652782        202.15321943699107        3982.7025996995953       0.83575423972976637        5.6331120016378224E-002
   10000.000000000000        3981.0717055349769        225.64560522315816        50.000000000000007        245.64560522315816        10000.000000000000        250.28798692797082        10000.092598385729        250.28607084899465        10000.092996808515        237.03902402354046        224.65615196983603        226.46995801107681        3982.7035547687897        10000.181956807426        225.48822830922813        3982.7040114301312       0.83207633939210268        5.6580111888302559E-002
   10000.000000000000        3981.0717055349769        251.44176165949074        50.000000000000007        271.44176165949074        10000.000000000000        275.65003015532312        10000.092598588910        275.64630504169776        10000.093054279900        263.67852684166127        250.44568412479580        252.26122367829851        3982.7052471178749        10000.181997970605        251.27370540416180        3982.7057045543870       0.82802127936599845        5.6857201083602517E-002
   10000.000000000000        3981.0717055349769        279.94686819604277        50.000000000000007        299.94686819604277        10000.000000000000        303.76047809464950        10000.092598840260        303.75485211160355        10000.093125375848        292.94002677202576        278.94340863156924        280.76102993880522        3982.7072805537937        10000.182046288417        279.76697414168558        3982.7077389388674       0.82356551011633883        5.7164817861014974E-002
   10000.000000000000        3981.0717055349769        311.44540173399872        50.000000000000007        331.44540173399872        10000.000000000000        334.90051152116212        10000.092599151149        334.89287319221819        10000.093213312968        325.11811680555843        310.43369288107868        312.25381881212502        3982.7097283234598        10000.182103142559        311.25237719352043        3982.7101878700391       0.81868431244174644        5.7505648596099482E-002
   10000.000000000000        4641.5888336127864        80.000000000000043        50.000000000000007        100.00000000000004        10000.000000000000        110.91585224441231        10000.092597651690        110.92835562920490        10000.092789181017        76.457410004400018        79.172027501071199        80.747313967384770        4642.9823477009040        10000.181772378195        79.920316529218809        4642.9826580900326       0.74828902814761022        6.2915492024463324E-002
   10000.000000000000        4641.5888336127864        90.501371035275810        50.000000000000007        110.50137103527581        10000.000000000000        120.46941020955533        10000.092597681025        120.48035653184564        10000.092797477935        89.756830075803194        89.671149945532804        91.246688939183727        4642.9825893424031        10000.181783264032        90.418530343314828        4642.9828998014536       0.74738039778202392        6.2991981756718676E-002
   10000.000000000000        4641.5888336127864        102.10553000675687        50.000000000000007        122.10553000675687        10000.000000000000        131.19483845325544        10000.092597717374        131.20422721773420        10000.092807760146        103.70870745897820        101.27292219050243        102.84875733349796        4642.9828729958817        10000.181795759898        102.01919890512625        4642.9831835396117       0.74627671462381784        6.3085141824565552E-002
   10000.000000000000        4641.5888336127864        114.92828476735639        50.000000000000007        134.92828476735639        10000.000000000000        143.20602789402216        10000.092597762405        143.21385812404537        10000.092820497153        118.53850671761364        114.09311930060606        115.66930259557635        4642.9832067695261        10000.181810138225        114.83809456303916        4642.9835174158870       0.74497526243310119        6.3195349908201914E-002
   10000.000000000000        4641.5888336127864        129.09760458230994        50.000000000000007        149.09760458230994        10000.000000000000        156.62828319265859        10000.092597818169        156.63455061217141        10000.092836270382        134.44638796473399        128.25967677171502        129.83627033077261        4642.9836004488598        10000.181826722983        129.00314718154354        4642.9839112197069       0.74347040982851809        6.3323263118532397E-002
   10000.000000000000        4641.5888336127864        144.75489724420663        50.000000000000007        164.75489724420663        10000.000000000000        171.59982027980666        10000.092597887213        171.60451470053349        10000.092855799294        151.62424512765102        143.91396675559423        145.49104490255121        4642.9840658595858        10000.181845900159        144.65572079099897        4642.9843767815464       0.74175403540473894        6.3469789357769632E-002
   10000.000000000000        4641.5888336127864        162.05642030260807        50.000000000000007        182.05642030260807        10000.000000000000        188.27336709354739        10000.092597972676        188.27647003641098        10000.092879973894        170.26530979028232        161.21220844638825        162.78986027594041        4642.9846173118094        10000.181868130530        161.95202428394867        4642.9849284173370       0.73981583756042824        6.3636069940945228E-002
   10000.000000000000        4641.5888336127864        181.17484049212607        50.000000000000007        201.17484049212607        10000.000000000000        206.81787896758976        10000.092598078458        206.81936150512229        10000.092909894887        190.57033345096841        180.32702665821560        181.90535915526738        4642.9852721446950        10000.181893965142        181.06467022801584        4642.9855834733607       0.73764356980024104        6.3823470182440153E-002
   10000.000000000000        4641.5888336127864        202.30095692182840        50.000000000000007        222.30095692182840        10000.000000000000        227.42038518365902        10000.092598209367        227.42020596512941        10000.092946923354        212.75208810477403        201.44917411023309        203.02831595702315        4642.9860513954291        10000.181924064151        202.18439734057225        4642.9863629955262       0.73522323033915882        6.4033575708287715E-002
   10000.000000000000        4641.5888336127864        225.64560522315816        50.000000000000007        245.64560522315816        10000.000000000000        250.28798699710916        10000.092598371351        250.28609040540513        10000.092992742037        237.03902402354046        224.78943457212205        226.36954080159114        4642.9869806225288        10000.181959219726        225.52197379955564        4642.9872925530381       0.73253922743359112        6.4268192909412963E-002
   10000.000000000000        4641.5888336127864        251.44176165949074        50.000000000000007        271.44176165949074        10000.000000000000        275.65003029545881        10000.092598571768        275.64634468056823        10000.093049430930        263.67852684166127        250.58072582657044        252.16198351935117        4642.9880909215726        10000.182000383995        251.31030036386056        4642.9884032545633       0.72957453729011945        6.4529352350043964E-002
   10000.000000000000        4641.5888336127864        279.94686819604277        50.000000000000007        299.94686819604277        10000.000000000000        303.76047831432481        10000.092598819701        303.75491424944477        10000.093119560424        292.94002677202576        279.08042339437969        280.66305866636083        4642.9894201816769        10000.182048703089        279.80673426299427        4642.9897330053154       0.72631086861457561        6.4819314176334242E-002
   10000.000000000000        4641.5888336127864        311.44540173399872        50.000000000000007        331.44540173399872        10000.000000000000        334.90051182925259        10000.092599126376        334.89296033974659        10000.093206305928        325.11811680555843        310.57292816191318        312.15721475292975        4642.9910146450620        10000.182105558741        311.29565700813572        4642.9913280672872       0.72272884622253741        6.5140574682303706E-002
   10000.000000000000        4641.5888336127864        346.25171314944629        50.000000000000007        366.25171314944629        10000.000000000000        369.38138621140155        10000.092599505659        369.37171693235206        10000.093313588835        360.53578592073939        345.37250347078157        346.95877332730322        4642.9929308501687        10000.182172619141        346.09131169602381        4642.9932450033093       0.71880822524224186        6.5495873209503883E-002
   10000.000000000000        5411.6952654646393        80.000000000000043        50.000000000000007        100.00000000000004        10000.000000000000        110.91585200537284        10000.092597648030        110.92828802279931        10000.092788145350        76.457410004400018        79.277455138102241        80.654326413762760        5412.8903606801114        10000.181776060186        79.934584275543699        5412.8905797631915       0.65712913744145851        7.1643410252232975E-002
   10000.000000000000        5411.6952654646393        90.501371035275810        50.000000000000007        110.50137103527581        10000.000000000000        120.46940998387406        10000.092597676907        120.48029270209017        10000.092796312836        89.756830075803194        89.777138946526890        91.154186769350602        5412.8905263409997        10000.181786946463        90.433633552466830        5412.8907454644004       0.65649460593994036        7.1712656823750692E-002
   10000.000000000000        5411.6952654646393        102.10553000675687        50.000000000000007        122.10553000675687        10000.000000000000        131.19483824506233        10000.092597712719        131.20416833305080        10000.092806442746        103.70870745897820        101.37950959270704        102.75676345973018        5412.8907198888255        10000.181799442835        102.03522600371808        5412.8909390606350       0.65571641101104206        7.1797764386930349E-002
   10000.000000000000        5411.6952654646393        114.92828476735639        50.000000000000007        134.92828476735639        10000.000000000000        143.20602770780380        10000.092597757110        143.21380545374279        10000.092818998881        118.53850671761364        114.20035062993576        115.57784556728370        5412.8909465802390        10000.181813821748        114.85514348700565        5412.8911658102406       0.65479285706989288        7.1899031692383222E-002
   10000.000000000000        5411.6952654646393        129.09760458230994        50.000000000000007        149.09760458230994        10000.000000000000        156.62828303327802        10000.092597812107        156.63450553204569        10000.092834555215        134.44638796473399        128.36760642346175        129.74538410877210        5412.8912127427748        10000.181830407173        129.02132644891245        5412.8914320428266       0.65372002545069563        7.2017026478509105E-002
   10000.000000000000        5411.6952654646393        144.75489724420663        50.000000000000007        164.75489724420663        10000.000000000000        171.59982015254508        10000.092597880219        171.60447870468101        10000.092853821652        151.62424512765102        144.02265861918050        145.40076874367190        5412.8915260040039        10000.181849585128        144.67515071249480        5412.8917453884933       0.65249209331429370        7.2152556122603156E-002
   10000.000000000000        5411.6952654646393        162.05642030260807        50.000000000000007        182.05642030260807        10000.000000000000        188.27336700415731        10000.092597964554        188.27644475220063        10000.092877675999        170.26530979028232        161.32173677165702        162.70023869488284        5412.8918955714671        10000.181871816396        161.97283833461486        5412.8921150578562       0.65110156295784805        7.2306649316801364E-002
   10000.000000000000        5411.6952654646393        181.17484049212607        50.000000000000007        201.17484049212607        10000.000000000000        206.81787892235113        10000.092598068943        206.81934870913284        10000.092907203545        190.57033345096841        180.43747717608829        181.81644193860492        5412.8923325750966        10000.181897652061        181.08701660855110        5412.8925521846049       0.64953943246280232        7.2480545490377912E-002
   10000.000000000000        5411.6952654646393        202.30095692182840        50.000000000000007        222.30095692182840        10000.000000000000        227.42038518943212        10000.092598198133        227.42020759809492        10000.092943746013        212.75208810477403        201.56064543477888        202.94015820911491        5412.8928504866908        10000.181927752286        202.20844076427818        5412.8930702451116       0.64779532949930285        7.2675689741083668E-002
   10000.000000000000        5411.6952654646393        225.64560522315816        50.000000000000007        245.64560522315816        10000.000000000000        250.28798706137695        10000.092598357987        250.28610858414157        10000.092988962027        237.03902402354046        224.90203992580689        226.28220300503983        5412.8934656345837        10000.181962909286        225.54789755028449        5412.8936855733236       0.64585762447759976        7.2893731680405707E-002
   10000.000000000000        5411.6952654646393        251.44176165949074        50.000000000000007        271.44176165949074        10000.000000000000        275.65003042635004        10000.092598555757        275.64638170458215        10000.093044901834        263.67852684166127        250.69459514717141        252.07553159413987        5412.8941978363810        10000.182004075226        251.33830868295848        5412.8944179936861       0.64371353578707158        7.3136526987661848E-002
   10000.000000000000        5411.6952654646393        279.94686819604277        50.000000000000007        299.94686819604277        10000.000000000000        303.76047852060924        10000.092598800393        303.75497259949134        10000.093114099493        292.94002677202576        279.19570590230194        280.57756401238214        5412.8950711784391        10000.182052396280        279.83705514011160        5412.8952916009439       0.64134923780966346        7.3406140690520719E-002
   10000.000000000000        5411.6952654646393        311.44540173399872        50.000000000000007        331.44540173399872        10000.000000000000        334.90051212029528        10000.092599102974        334.89304266503831        10000.093199686615        325.11811680555843        310.68979549227549        312.07275426057532        5412.8961149786965        10000.182109254243        311.32854547354424        5412.8963357233224       0.63874998126874516        7.3704851292365939E-002
   10000.000000000000        5411.6952654646393        346.25171314944629        50.000000000000007        366.25171314944629        10000.000000000000        369.38138659706374        10000.092599477179        369.37182602244030        10000.093305532560        360.53578592073939        345.49115350807642        346.87542934033604        5412.8973649795362        10000.182176317363        346.12705374304051        5412.8975861158215       0.63590023496408321        7.4035154877829995E-002
   10000.000000000000        5411.6952654646393        384.71316447032348        50.000000000000007        404.71316447032348        10000.000000000000        407.54757734842855        10000.092599939901        407.53577481837124        10000.093436417137        399.54784574586813        383.94707149628653        385.33292646514889        5412.8988648308596        10000.182255602642        384.57985535414599        5412.8990864438765       0.63278385785946512        7.4399768258421914E-002
   10000.000000000000        6309.5734448019384        80.000000000000043        50.000000000000007        100.00000000000004        10000.000000000000        110.91585178992166        10000.092597644731        110.92822708771919        10000.092787211885        76.457410004400018        79.367576632026740        80.574296758604817        6310.5983826349175        10000.181782293599        79.946047734937949        6310.5985456849785       0.57847110291120885        8.1385175759835088E-002
   10000.000000000000        6309.5734448019384        90.501371035275810        50.000000000000007        110.50137103527581        10000.000000000000        120.46940978003992        10000.092597673185        120.48023505135492        10000.092795260523        89.756830075803194        89.867672639135847        91.074517881192193        6310.5984968633729        10000.181793180622        90.445711277904522        6310.5986599387306       0.57803863876867467        8.1446064717578370E-002
   10000.000000000000        6309.5734448019384        102.10553000675687        50.000000000000007        122.10553000675687        10000.000000000000        131.19483805661730        10000.092597708503        131.20411503380927        10000.092805250310        103.70870745897820        101.47048188815371        102.67747246700198        6310.5986297029367        10000.181805677854        102.04798289778135        6310.5987928083541       0.57750100962763895        8.1521887576906510E-002
   10000.000000000000        6309.5734448019384        114.92828476735639        50.000000000000007        134.92828476735639        10000.000000000000        143.20602753886510        10000.092597752302        143.21375767082768        10000.092817639636        118.53850671761364        114.29179405383366        115.49895388460180        6310.5987845749578        10000.181820057747        114.86865139358821        6310.5989477161656       0.57685733975455378        8.1612851458986307E-002
   10000.000000000000        6309.5734448019384        129.09760458230994        50.000000000000007        149.09760458230994        10000.000000000000        156.62828288833549        10000.092597806592        156.63446453564529        10000.092832995422        134.44638796473399        128.45955985615453        129.66691728492802        6310.5989655863968        10000.181836644313        129.03566492330259        6310.5991287703018       0.57610506714806320        8.1719420756830030E-002
   10000.000000000000        6309.5734448019384        144.75489724420663        50.000000000000007        164.75489724420663        10000.000000000000        171.59982003650947        10000.092597873845        171.60444588407401        10000.092852018459        151.62424512765102        144.11516769966363        145.32275639621992        6310.5991776749115        10000.181855823583        144.69040788614541        6310.5993409098401       0.57524018648177844        8.1842286906889591E-002
   10000.000000000000        6309.5734448019384        162.05642030260807        50.000000000000007        182.05642030260807        10000.000000000000        188.27336692242167        10000.092597957126        188.27642163307627        10000.092875574874        170.26530979028232        161.41485446691306        162.62271450712853        6310.5994267857768        10000.181878056377        161.98911188928005        6310.5995900817852       0.57425742236699762        8.1982348940937255E-002
   10000.000000000000        6309.5734448019384        181.17484049212607        50.000000000000007        201.17484049212607        10000.000000000000        206.81787888085861        10000.092598060217        206.81933697276887        10000.092904735073        190.57033345096841        180.53126452111024        181.73944370084200        6310.5997200878583        10000.181903893807        181.10441487766334        6310.5998834571155       0.57315035655309998        8.2140701552634796E-002
   10000.000000000000        6309.5734448019384        202.30095692182840        50.000000000000007        222.30095692182840        10000.000000000000        227.42038519474502        10000.092598187795        227.42020910089548        10000.092940821938        212.75208810477403        201.65517245788251        202.86372788967938        6310.6000662376300        10000.181933996106        202.22708398356320        6310.6002296948573       0.57191152568069015        8.2318628438867170E-002
   10000.000000000000        6309.5734448019384        225.64560522315816        50.000000000000007        245.64560522315816        10000.000000000000        250.28798712074166        10000.092598345644        250.28612537599361        10000.092985470399        237.03902402354046        224.99738678308768        226.20638683894043        6310.6004757022702        10000.181969155519        225.56791928497447        6310.6006392653126       0.57053250188678817        8.2517599307175601E-002
   10000.000000000000        6309.5734448019384        251.44176165949074        50.000000000000007        271.44176165949074        10000.000000000000        275.65003054775150        10000.092598540905        275.64641604427032        10000.093040701109        263.67852684166127        250.79085350006869        252.00038017817209        6310.6009611557556        10000.182010324288        251.35985746600181        6310.6011248462619       0.56900396593312053        8.2739269321627090E-002
   10000.000000000000        6309.5734448019384        279.94686819604277        50.000000000000007        299.94686819604277        10000.000000000000        303.76047871280730        10000.092598782407        303.75502696503685        10000.093109011468        292.94002677202576        279.29298058408932        280.50313239605197        6310.6015379652426        10000.182058648657        279.86029636508624        6310.6017018095054       0.56731578099692115        8.2985479973224793E-002
   10000.000000000000        6309.5734448019384        311.44540173399872        50.000000000000007        331.44540173399872        10000.000000000000        334.90051239283434        10000.092599081061        334.89311975631472        10000.093193488137        325.11811680555843        310.78820652392369        311.99910202206098        6310.6022247895517        10000.182115510521        311.35366359838991        6310.6023888195423       0.56545707446622373        8.3258260455677705E-002
   10000.000000000000        6309.5734448019384        346.25171314944629        50.000000000000007        366.25171314944629        10000.000000000000        369.38138696024265        10000.092599450356        369.37192875277248        10000.093297945943        360.53578592073939        345.59083854259973        346.80262063625969        6310.6030443173458        10000.182182578254        346.15425487739464        6310.6032085719826       0.56341633479490838        8.3559828629306263E-002
   10000.000000000000        6309.5734448019384        384.71316447032348        50.000000000000007        404.71316447032348        10000.000000000000        407.54757781321791        10000.092599906960        407.53590629106003        10000.093427099449        399.54784574586813        384.04818879506610        385.26103004222949        6310.6040241801184        10000.182261868986        384.60937032563942        6310.6041887068377       0.56118153057332165        8.3892590574598816E-002
   10000.000000000000        6309.5734448019384        427.21359549995799        50.000000000000007        447.21359549995799        10000.000000000000        449.78024809044257        10000.092600471467        449.76619023573335        10000.093586774648        442.54461418548635        426.54403980637289        427.75814891455508        6310.6051980851134        10000.182355825009        427.10278006572145        6310.6053629418102       0.55874025934855354        8.4259137577279139E-002
   10000.000000000000        7356.4225445964112        80.000000000000043        50.000000000000007        100.00000000000004        10000.000000000000        110.91585159618248        10000.092597641762        110.92817229332692        10000.092786372486        76.457410004400018        79.444650173636518        80.505453564270297        7357.3015530785115        10000.181794908531        79.955310455873558        7357.3016876417569       0.51066028223704052        9.2192351784588317E-002
   10000.000000000000        7356.4225445964112        90.501371035275810        50.000000000000007        110.50137103527581        10000.000000000000        120.46940959640585        10000.092597669833        120.48018311382606        10000.092794312497        89.756830075803194        89.945049291946290        91.005942779862622        7357.3016322872591        10000.181805797070        90.455425681041405        7357.3017668687799       0.51037638909511429        9.2243633107488246E-002
   10000.000000000000        7356.4225445964112        102.10553000675687        50.000000000000007        122.10553000675687        10000.000000000000        131.19483788652070        10000.092597704697        131.20406692418109        10000.092804173977        103.70870745897820        101.54818050129946        102.60917818725795        7357.3017239863384        10000.181818296034        102.05819664423119        7357.3018585893324       0.51001614293173247        9.2308788721450513E-002
   10000.000000000000        7356.4225445964112        114.92828476735639        50.000000000000007        134.92828476735639        10000.000000000000        143.20602738606786        10000.092597747956        143.21371445338079        10000.092816410262        118.53850671761364        114.36983791199719        115.43095640546852        7357.3018304119560        10000.181832677925        114.87941722057076        7357.3019650402393       0.50957930857356359        9.2387919976970573E-002
   10000.000000000000        7356.4225445964112        129.09760458230994        50.000000000000007        149.09760458230994        10000.000000000000        156.62828275696097        10000.092597801593        156.63442737689860        10000.092831581642        134.44638796473399        128.53797682102757        129.59923573194121        7357.3019542405300        10000.181849266797        129.04704120012926        7357.3020888986694       0.50906437910168734        9.2481372327585756E-002
   10000.000000000000        7356.4225445964112        144.75489724420663        50.000000000000007        164.75489724420663        10000.000000000000        171.59981993109491        10000.092597868053        171.60441606761296        10000.092850380315        151.62424512765102        144.19399047209231        145.25541300517867        7357.3020986807715        10000.181868448726        144.70245923619811        7357.3022333742356       0.50846876410579966        9.2589704040538526E-002
   10000.000000000000        7356.4225445964112        162.05642030260807        50.000000000000007        182.05642030260807        10000.000000000000        188.27336684798405        10000.092597950359        188.27640057821085        10000.092873661353        170.26530979028232        161.49412096378981        162.55573463777998        7357.3022675857928        10000.181890684607        162.00190988749821        7357.3024023211410       0.50778892370840367        9.2713665431287298E-002
   10000.000000000000        7356.4225445964112        181.17484049212607        50.000000000000007        201.17484049212607        10000.000000000000        206.81787884296969        10000.092598052248        206.81932625568581        10000.092902480983        190.57033345096841        180.61101836841931        181.67285588735143        7357.3024655897152        10000.181916525629        181.11803883494639        7357.3026003748328       0.50702046652708077        9.2854185364329503E-002
   10000.000000000000        7356.4225445964112        202.30095692182840        50.000000000000007        222.30095692182840        10000.000000000000        227.42038519961076        10000.092598178328        227.42021047718785        10000.092938144018        212.75208810477403        201.73546360757203        202.79756391759832        7357.3026982743368        10000.181946632103        202.24162183190148        7357.3028331187134       0.50615822432945379        9.3012362774078150E-002
   10000.000000000000        7356.4225445964112        225.64560522315816        50.000000000000007        245.64560522315816        10000.000000000000        250.28798717528281        10000.092598334302        250.28614080344528        10000.092982262482        237.03902402354046        225.07827226740906        226.14068184008792        7357.3029723726877        10000.181981796401        225.58346858021241        7357.3031072877639       0.50519631280334920        9.3189461580136621E-002
   10000.000000000000        7356.4225445964112        251.44176165949074        50.000000000000007        271.44176165949074        10000.000000000000        275.65003065968057        10000.092598527213        275.64644770460893        10000.093036828141        263.67852684166127        250.87239834328875        251.93517273575475        7357.3032960179889        10000.182022970888        251.37652652914002        7357.3034310175708       0.50412818585127184        9.3386907742356737E-002
   10000.000000000000        7356.4225445964112        279.94686819604277        50.000000000000007        299.94686819604277        10000.000000000000        303.76047889069622        10000.092598765759        303.75507728307110        10000.093104302245        292.94002677202576        279.37525889860143        280.43846465269263        7357.3036790485285        10000.182071301979        279.87820558825570        7357.3038141492980       0.50294668965426581        9.3606287407473121E-002
   10000.000000000000        7356.4225445964112        311.44540173399872        50.000000000000007        331.44540173399872        10000.000000000000        334.90051264616568        10000.092599060690        334.89319141443752        10000.093187726507        325.11811680555843        310.87130282633279        311.93501978334206        7357.3041333816736        10000.182128171744        311.37294694851721        7357.3042686038334       0.50164412218441612        9.3849345184008878E-002
   10000.000000000000        7356.4225445964112        346.25171314944629        50.000000000000007        366.25171314944629        10000.000000000000        369.38138729943540        10000.092599425307        369.37202469824467        10000.093290860390        360.53578592073939        345.67484933602270        346.73917346201080        7357.3046734735954        10000.182195248804        346.17506163971547        7357.3048088416181       0.50021230369276282        9.4117981574741383E-002
   10000.000000000000        7356.4225445964112        384.71316447032348        50.000000000000007        404.71316447032348        10000.000000000000        407.54757824961592        10000.092599876032        407.53602973278464        10000.093418350922        399.54784574586813        384.13322447756599        385.19827131719450        7357.3053168854740        10000.182274550565        384.63186714144462        7357.3054524290610       0.49864266387862699        9.4414248504563855E-002
   10000.000000000000        7356.4225445964112        427.21359549995799        50.000000000000007        447.21359549995799        10000.000000000000        449.78024863625160        10000.092600433174        449.76634462639583        10000.093575942723        442.54461418548635        426.63022698330485        427.69613588931378        7357.3060849827534        10000.182368519669        427.12715333520100        7357.3062207380017       0.49692635189614975        9.4740341708127410E-002
   10000.000000000000        8576.9589859089447        80.000000000000043        50.000000000000007        100.00000000000004        10000.000000000000        110.91585142232910        10000.092597639101        110.92812312312108        10000.092785619247        76.457410004400018        79.510591496086377        80.446258336539060        8577.7128196905614        10000.181833058838        79.962836090753100        8577.7129650512616       0.45224459466672329       0.10410068564138114     
   10000.000000000000        8576.9589859089447        90.501371035275810        50.000000000000007        110.50137103527581        10000.000000000000        120.46940943134405        10000.092597666820        120.48013642908710        10000.092793460350        89.756830075803194        90.011213830890114        90.946946785921170        8577.7128749120347        10000.181843951941        90.463283475178258        8577.7130202907992       0.45206964428814445       0.10414097247460115     
   10000.000000000000        8576.9589859089447        102.10553000675687        50.000000000000007        122.10553000675687        10000.000000000000        131.19483773336356        10000.092597701270        131.20402360564484        10000.092803204832        103.70870745897820        101.61458172129916        102.55039083243484        8577.7129385639273        10000.181856456154        102.06642161118967        8577.7130839636775       0.45183988989050761       0.10419392673325685     
   10000.000000000000        8576.9589859089447        114.92828476735639        50.000000000000007        134.92828476735639        10000.000000000000        143.20602724823974        10000.092597744037        143.21367546980014        10000.092815301326        118.53850671761364        114.43649250581483        115.37238955530836        8577.7130121143528        10000.181870844088        114.88804809118602        8577.7131575385247       0.45155558537119589       0.10425952841157680     
   10000.000000000000        8576.9589859089447        129.09760458230994        50.000000000000007        149.09760458230994        10000.000000000000        156.62828263823164        10000.092597797076        156.63439379479263        10000.092830303942        134.44638796473399        128.60490479383191        129.54090363971571        8577.7130973149142        10000.181887439916        129.05612082569391        8577.7132427675897       0.45121603186200332       0.10433798681340448     
   10000.000000000000        8576.9589859089447        144.75489724420663        50.000000000000007        164.75489724420663        10000.000000000000        171.59981983563401        10000.092597862807        171.60438906655787        10000.092848896857        151.62424512765102        144.26121531189386        145.19733229212497        8577.7131962592794        10000.181906629899        144.71203503819382        8577.7133417453078       0.45081972629995448       0.10442970800947213     
   10000.000000000000        8576.9589859089447        162.05642030260807        50.000000000000007        182.05642030260807        10000.000000000000        188.27336678042886        10000.092597944220        188.27638147006277        10000.092871924755        170.26530979028232        161.56166989241783        162.49792431298206        8577.7133114543940        10000.181928875119        162.01203436017403        8577.7134569795435       0.45036446775620220       0.10453527254707816     
   10000.000000000000        8576.9589859089447        181.17484049212607        50.000000000000007        201.17484049212607        10000.000000000000        206.81787880850339        10000.092598044999        206.81931650671751        10000.092900430513        190.57033345096841        180.67892267256786        181.61533739770738        8577.7134459070912        10000.181954726992        181.12877010819074        8577.7135914782466       0.44984743562287122       0.10465542015867567     
   10000.000000000000        8576.9589859089447        202.30095692182840        50.000000000000007        222.30095692182840        10000.000000000000        227.42038520404816        10000.092598169695        227.42021173233536        10000.092935701818        212.75208810477403        201.80375905374387        202.74036122052678        8577.7136032296166        10000.181984846109        202.25302430329327        8577.7137488549852       0.44926524954939850       0.10479103921265528     
   10000.000000000000        8576.9589859089447        225.64560522315816        50.000000000000007        245.64560522315816        10000.000000000000        250.28798722516083        10000.092598323932        250.28615491188759        10000.092979328832        237.03902402354046        225.14699960852346        226.08382149296358        8577.7137877682017        10000.182020025184        225.59561362695277        8577.7139334576186       0.44861401842931059       0.10494315926026454     
   10000.000000000000        8576.9589859089447        251.44176165949074        50.000000000000007        271.44176165949074        10000.000000000000        275.65003076235018        10000.092598514653        275.64647674579544        10000.093033275571        263.67852684166127        250.94160392870162        251.87868399680028        8577.7140047600769        10000.182061216970        251.38949331288771        8577.7141505253312       0.44788938418608382       0.10511294539379966     
   10000.000000000000        8576.9589859089447        279.94686819604277        50.000000000000007        299.94686819604277        10000.000000000000        303.76047905441214        10000.092598750434        303.75512359208813        10000.093099968220        292.94002677202576        279.44499540366121        280.38237958836100        8577.7142605252720        10000.182109568366        279.89208196888234        8577.7144063805299       0.44708656522112733       0.10530169332896260     
   10000.000000000000        8576.9589859089447        311.44540173399872        50.000000000000007        331.44540173399872        10000.000000000000        334.90051288016872        10000.092599041876        334.89325760526179        10000.093182404471        325.11811680555843        310.94163012270820        311.87937337720666        8577.7145627013942        10000.182166462051        311.38783052668811        8577.7147086636851       0.44620040397990124       0.10551082420027352     
   10000.000000000000        8576.9589859089447        346.25171314944629        50.000000000000007        366.25171314944629        10000.000000000000        369.38138761402007        10000.092599402074        369.37211368296454        10000.093284288885        360.53578592073939        345.74583553027730        346.68400371992328        8577.7149205312762        10000.182233567313        346.19106095330466        8577.7150666211273       0.44522542302735246       0.10574187804078317     
   10000.000000000000        8576.9589859089447        384.71316447032348        50.000000000000007        404.71316447032348        10000.000000000000        407.54757865617557        10000.092599847218        407.53614473426450        10000.093410200567        399.54784574586813        384.20494715329301        385.14361936300935        8577.7153452162220        10000.182312902443        384.64910304753352        8577.7154914584153       0.44415589424050950       0.10599650481486400     
   10000.000000000000        8576.9589859089447        427.21359549995799        50.000000000000007        447.21359549995799        10000.000000000000        449.78024914728832        10000.092600397320        449.76648918111277        10000.093565800873        442.54461418548635        426.70277469220412        427.64204604487435        8577.7158503505179        10000.182406911095        427.14576061839540        8577.7159967750122       0.44298592619128385       0.10627645168592878     
   10000.000000000000        8576.9589859089447        474.17715448360588        50.000000000000007        494.17715448360588        10000.000000000000        496.50107663463558        10000.092601077131        496.48479736051473        10000.093758090858        489.95591185135686        473.66343205073338        474.60341715535128        8577.7164524573018        10000.182518556257        474.10514162622536        8577.7165991003658       0.44170957549198420       0.10658354492310237     
   10000.000000000000        1000.0000000000007        80.000000000000043        50.000000000000007        100.00000000000004        10000.000000000000        110.91585623327734        10000.092597712792        110.92948377496005        10000.092806463239        76.457410004400018        76.346212932153094        83.010563944114182        1006.4825875096349        10000.181763502327        79.226201480272962        1006.5046095269554        2.8799885481198686        1.6346930411632630E-002
   10000.000000000000        857.69589859089501        80.000000000000043        50.000000000000007        100.00000000000004        10000.000000000000        110.91585678051938        10000.092597721172        110.92963854711880        10000.092808834230        76.457410004400018        75.717864322068422        83.460935163205704        865.25720613298870        10000.181763299046        78.999034464654599        865.29170053415817        3.2811701425861770        1.4348226497424895E-002

