100 100 -1 (0, -1) (0, -1) 0 0
100 116 -1 (0, 0) (0, 0) 0 0
100 135 1 (1, 0) (0, 0) 0 0
100 158 1 (1, 0) (0, 0) 0 0
100 184 1 (1, 0) (0, 0) 0 0
100 215 1 (1, 0) (0, 0) 0 0
100 251 1 (1, 0) (0, 0) 0 0
100 292 1 (1, 0) (0, 0) 0 0
100 341 1 (1, 0) (0, 0) 0 0
100 398 1 (1, 0) (0, 0) 0 0
100 464 1 (1, 0) (0, 0) 0 0
100 541 1 (1, 0) (0, 0) 0 0
100 630 1 (1, 0) (0, 0) 0 0
100 735 1 (1, 0) (0, 0) 0 0
100 857 -1 (0, 0) (0, 0) 0 0
100 1000 -1 (0, 0) (0, 0) 0 0
100 1165 -1 (0, 0) (0, 0) 0 0
100 1359 -1 (0, 0) (0, 0) 0 0
100 1584 -1 (0, 0) (0, 0) 0 0
100 1847 -1 (0, 0) (0, 0) 0 0
100 2154 -1 (0, 0) (0, 0) 0 0
100 2511 -1 (0, 0) (0, 0) 0 0
100 2928 -1 (0, 0) (0, 0) 0 0
100 3414 -1 (0, 0) (0, 0) 0 0
100 3981 -1 (0, 0) (0, 0) 0 0
100 4641 -1 (0, 0) (0, 0) 0 0
100 5411 -1 (0, 0) (0, 0) 0 0
100 6309 -1 (0, 0) (0, 0) 0 0
100 7356 -1 (0, 0) (0, 0) 0 0
100 8576 -1 (0, 0) (0, 0) 0 0
100 10000 -1 (0, 0) (0, 0) 0 0
116 100 -1 (0, -1) (0, -1) 0 0
116 116 -1 (0, -1) (0, -1) 0 0
116 135 -1 (0, 0) (0, 0) 0 0
116 158 1 (1, 0) (0, 0) 0 0
116 184 1 (1, 0) (0, 0) 0 0
116 215 1 (1, 0) (0, 0) 0 0
116 251 1 (1, 0) (0, 0) 0 0
116 292 1 (1, 0) (0, 0) 0 0
116 341 1 (1, 0) (0, 0) 0 0
116 398 1 (1, 0) (0, 0) 0 0
116 464 1 (1, 0) (0, 0) 0 0
116 541 1 (1, 0) (0, 0) 0 0
116 630 1 (1, 0) (0, 0) 0 0
116 735 1 (1, 0) (0, 0) 0 0
116 857 -1 (0, 0) (0, 0) 0 0
116 1000 -1 (0, 0) (0, 0) 0 0
116 1165 -1 (0, 0) (0, 0) 0 0
116 1359 -1 (0, 0) (0, 0) 0 0
116 1584 -1 (0, 0) (0, 0) 0 0
116 1847 -1 (0, 0) (0, 0) 0 0
116 2154 -1 (0, 0) (0, 0) 0 0
116 2511 -1 (0, 0) (0, 0) 0 0
116 2928 -1 (0, 0) (0, 0) 0 0
116 3414 -1 (0, 0) (0, 0) 0 0
116 3981 -1 (0, 0) (0, 0) 0 0
116 4641 -1 (0, 0) (0, 0) 0 0
116 5411 -1 (0, 0) (0, 0) 0 0
116 6309 -1 (0, 0) (0, 0) 0 0
116 7356 -1 (0, 0) (0, 0) 0 0
116 8576 -1 (0, 0) (0, 0) 0 0
116 10000 -1 (0, 0) (0, 0) 0 0
135 100 -1 (0, -1) (0, -1) 0 0
135 116 -1 (0, -1) (0, -1) 0 0
135 135 -1 (0, -1) (0, -1) 0 0
135 158 -1 (0, 0) (0, 0) 0 0
135 184 1 (1, 0) (0, 0) 0 0
135 215 1 (1, 0) (0, 0) 0 0
135 251 1 (1, 0) (0, 0) 0 0
135 292 1 (1, 0) (0, 0) 0 0
135 341 1 (1, 0) (0, 0) 0 0
135 398 1 (1, 0) (0, 0) 0 0
135 464 1 (1, 0) (0, 0) 0 0
135 541 1 (1, 0) (0, 0) 0 0
135 630 1 (1, 0) (0, 0) 0 0
135 735 1 (1, 0) (0, 0) 0 0
135 857 1 (1, 0) (0, 0) 0 0
135 1000 -1 (0, 0) (0, 0) 0 0
135 1165 -1 (0, 0) (0, 0) 0 0
135 1359 -1 (0, 0) (0, 0) 0 0
135 1584 -1 (0, 0) (0, 0) 0 0
135 1847 -1 (0, 0) (0, 0) 0 0
135 2154 -1 (0, 0) (0, 0) 0 0
135 2511 -1 (0, 0) (0, 0) 0 0
135 2928 -1 (0, 0) (0, 0) 0 0
135 3414 -1 (0, 0) (0, 0) 0 0
135 3981 -1 (0, 0) (0, 0) 0 0
135 4641 -1 (0, 0) (0, 0) 0 0
135 5411 -1 (0, 0) (0, 0) 0 0
135 6309 -1 (0, 0) (0, 0) 0 0
135 7356 -1 (0, 0) (0, 0) 0 0
135 8576 -1 (0, 0) (0, 0) 0 0
135 10000 -1 (0, 0) (0, 0) 0 0
158 100 -1 (0, -1) (0, -1) 0 0
158 116 -1 (0, -1) (0, -1) 0 0
158 135 -1 (0, -1) (0, -1) 0 0
158 158 -1 (0, -1) (0, -1) 0 0
158 184 -1 (0, 0) (0, 0) 0 0
158 215 1 (1, 0) (0, 0) 0 0
158 251 1 (1, 0) (0, 0) 0 0
158 292 1 (1, 0) (0, 0) 0 0
158 341 1 (1, 0) (0, 0) 0 0
158 398 1 (1, 0) (0, 0) 0 0
158 464 1 (1, 0) (0, 0) 0 0
158 541 1 (1, 0) (0, 0) 0 0
158 630 1 (1, 0) (0, 0) 0 0
158 735 1 (1, 0) (0, 0) 0 0
158 857 1 (1, 0) (0, 0) 0 0
158 1000 -1 (0, 0) (0, 0) 0 0
158 1165 -1 (0, 0) (0, 0) 0 0
158 1359 -1 (0, 0) (0, 0) 0 0
158 1584 -1 (0, 0) (0, 0) 0 0
158 1847 -1 (0, 0) (0, 0) 0 0
158 2154 -1 (0, 0) (0, 0) 0 0
158 2511 -1 (0, 0) (0, 0) 0 0
158 2928 -1 (0, 0) (0, 0) 0 0
158 3414 -1 (0, 0) (0, 0) 0 0
158 3981 -1 (0, 0) (0, 0) 0 0
158 4641 -1 (0, 0) (0, 0) 0 0
158 5411 -1 (0, 0) (0, 0) 0 0
158 6309 -1 (0, 0) (0, 0) 0 0
158 7356 -1 (0, 0) (0, 0) 0 0
158 8576 -1 (0, 0) (0, 0) 0 0
158 10000 -1 (0, 0) (0, 0) 0 0
184 100 -1 (0, -1) (0, -1) 0 0
184 116 -1 (0, -1) (0, -1) 0 0
184 135 -1 (0, -1) (0, -1) 0 0
184 158 -1 (0, -1) (0, -1) 0 0
184 184 -1 (0, -1) (0, -1) 0 0
184 215 -1 (0, 0) (0, 0) 0 0
184 251 1 (1, 0) (0, 0) 0 0
184 292 1 (1, 0) (0, 0) 0 0
184 341 1 (1, 0) (0, 0) 0 0
184 398 1 (1, 0) (0, 0) 0 0
184 464 1 (1, 0) (0, 0) 0 0
184 541 1 (1, 0) (0, 0) 0 0
184 630 1 (1, 0) (0, 0) 0 0
184 735 1 (1, 0) (0, 0) 0 0
184 857 1 (1, 0) (0, 0) 0 0
184 1000 -1 (0, 0) (0, 0) 0 0
184 1165 -1 (0, 0) (0, 0) 0 0
184 1359 -1 (0, 0) (0, 0) 0 0
184 1584 -1 (0, 0) (0, 0) 0 0
184 1847 -1 (0, 0) (0, 0) 0 0
184 2154 -1 (0, 0) (0, 0) 0 0
184 2511 -1 (0, 0) (0, 0) 0 0
184 2928 -1 (0, 0) (0, 0) 0 0
184 3414 -1 (0, 0) (0, 0) 0 0
184 3981 -1 (0, 0) (0, 0) 0 0
184 4641 -1 (0, 0) (0, 0) 0 0
184 5411 -1 (0, 0) (0, 0) 0 0
184 6309 -1 (0, 0) (0, 0) 0 0
184 7356 -1 (0, 0) (0, 0) 0 0
184 8576 -1 (0, 0) (0, 0) 0 0
184 10000 -1 (0, 0) (0, 0) 0 0
215 100 -1 (0, -1) (0, -1) 0 0
215 116 -1 (0, -1) (0, -1) 0 0
215 135 -1 (0, -1) (0, -1) 0 0
215 158 -1 (0, -1) (0, -1) 0 0
215 184 -1 (0, -1) (0, -1) 0 0
215 215 -1 (0, -1) (0, -1) 0 0
215 251 -1 (0, 0) (0, 0) 0 0
215 292 1 (1, 0) (0, 0) 0 0
215 341 1 (1, 0) (0, 0) 0 0
215 398 1 (1, 0) (0, 0) 0 0
215 464 1 (1, 0) (0, 0) 0 0
215 541 1 (1, 0) (0, 0) 0 0
215 630 1 (1, 0) (0, 0) 0 0
215 735 1 (1, 0) (0, 0) 0 0
215 857 1 (1, 0) (0, 0) 0 0
215 1000 -1 (0, 0) (0, 0) 0 0
215 1165 -1 (0, 0) (0, 0) 0 0
215 1359 -1 (0, 0) (0, 0) 0 0
215 1584 -1 (0, 0) (0, 0) 0 0
215 1847 -1 (0, 0) (0, 0) 0 0
215 2154 -1 (0, 0) (0, 0) 0 0
215 2511 -1 (0, 0) (0, 0) 0 0
215 2928 -1 (0, 0) (0, 0) 0 0
215 3414 -1 (0, 0) (0, 0) 0 0
215 3981 -1 (0, 0) (0, 0) 0 0
215 4641 -1 (0, 0) (0, 0) 0 0
215 5411 -1 (0, 0) (0, 0) 0 0
215 6309 -1 (0, 0) (0, 0) 0 0
215 7356 -1 (0, 0) (0, 0) 0 0
215 8576 -1 (0, 0) (0, 0) 0 0
215 10000 -1 (0, 0) (0, 0) 0 0
251 100 -1 (0, -1) (0, -1) 0 0
251 116 -1 (0, -1) (0, -1) 0 0
251 135 -1 (0, -1) (0, -1) 0 0
251 158 -1 (0, -1) (0, -1) 0 0
251 184 -1 (0, -1) (0, -1) 0 0
251 215 -1 (0, -1) (0, -1) 0 0
251 251 -1 (0, -1) (0, -1) 0 0
251 292 -1 (0, 0) (0, 0) 0 0
251 341 1 (1, 0) (0, 0) 0 0
251 398 1 (1, 0) (0, 0) 0 0
251 464 1 (1, 0) (0, 0) 0 0
251 541 1 (1, 0) (0, 0) 0 0
251 630 1 (1, 0) (0, 0) 0 0
251 735 1 (1, 0) (0, 0) 0 0
251 857 1 (1, 0) (0, 0) 0 0
251 1000 1 (1, 0) (0, 0) 0 0
251 1165 -1 (0, 0) (0, 0) 0 0
251 1359 -1 (0, 0) (0, 0) 0 0
251 1584 -1 (0, 0) (0, 0) 0 0
251 1847 -1 (0, 0) (0, 0) 0 0
251 2154 -1 (0, 0) (0, 0) 0 0
251 2511 -1 (0, 0) (0, 0) 0 0
251 2928 -1 (0, 0) (0, 0) 0 0
251 3414 -1 (0, 0) (0, 0) 0 0
251 3981 -1 (0, 0) (0, 0) 0 0
251 4641 -1 (0, 0) (0, 0) 0 0
251 5411 -1 (0, 0) (0, 0) 0 0
251 6309 -1 (0, 0) (0, 0) 0 0
251 7356 -1 (0, 0) (0, 0) 0 0
251 8576 -1 (0, 0) (0, 0) 0 0
251 10000 -1 (0, 0) (0, 0) 0 0
292 100 -1 (0, -1) (0, -1) 0 0
292 116 -1 (0, -1) (0, -1) 0 0
292 135 -1 (0, -1) (0, -1) 0 0
292 158 -1 (0, -1) (0, -1) 0 0
292 184 -1 (0, -1) (0, -1) 0 0
292 215 -1 (0, -1) (0, -1) 0 0
292 251 -1 (0, -1) (0, -1) 0 0
292 292 -1 (0, -1) (0, -1) 0 0
292 341 -1 (0, 0) (0, 0) 0 0
292 398 1 (1, 0) (0, 0) 0 0
292 464 1 (1, 0) (0, 0) 0 0
292 541 1 (1, 0) (0, 0) 0 0
292 630 1 (1, 0) (0, 0) 0 0
292 735 1 (1, 0) (0, 0) 0 0
292 857 1 (1, 0) (0, 0) 0 0
292 1000 1 (1, 0) (0, 0) 0 0
292 1165 -1 (0, 0) (0, 0) 0 0
292 1359 -1 (0, 0) (0, 0) 0 0
292 1584 -1 (0, 0) (0, 0) 0 0
292 1847 -1 (0, 0) (0, 0) 0 0
292 2154 -1 (0, 0) (0, 0) 0 0
292 2511 -1 (0, 0) (0, 0) 0 0
292 2928 -1 (0, 0) (0, 0) 0 0
292 3414 -1 (0, 0) (0, 0) 0 0
292 3981 -1 (0, 0) (0, 0) 0 0
292 4641 -1 (0, 0) (0, 0) 0 0
292 5411 -1 (0, 0) (0, 0) 0 0
292 6309 -1 (0, 0) (0, 0) 0 0
292 7356 -1 (0, 0) (0, 0) 0 0
292 8576 -1 (0, 0) (0, 0) 0 0
292 10000 -1 (0, 0) (0, 0) 0 0
341 100 -1 (0, -1) (0, -1) 0 0
341 116 -1 (0, -1) (0, -1) 0 0
341 135 -1 (0, -1) (0, -1) 0 0
341 158 -1 (0, -1) (0, -1) 0 0
341 184 -1 (0, -1) (0, -1) 0 0
341 215 -1 (0, -1) (0, -1) 0 0
341 251 -1 (0, -1) (0, -1) 0 0
341 292 -1 (0, -1) (0, -1) 0 0
341 341 -1 (0, -1) (0, -1) 0 0
341 398 -1 (0, 0) (0, 0) 0 0
341 464 1 (1, 0) (0, 0) 0 0
341 541 1 (1, 0) (0, 0) 0 0
341 630 1 (1, 0) (0, 0) 0 0
341 735 1 (1, 0) (0, 0) 0 0
341 857 1 (1, 0) (0, 0) 0 0
341 1000 1 (1, 0) (0, 0) 0 0
341 1165 -1 (0, 0) (0, 0) 0 0
341 1359 -1 (0, 0) (0, 0) 0 0
341 1584 -1 (0, 0) (0, 0) 0 0
341 1847 -1 (0, 0) (0, 0) 0 0
341 2154 -1 (0, 0) (0, 0) 0 0
341 2511 -1 (0, 0) (0, 0) 0 0
341 2928 -1 (0, 0) (0, 0) 0 0
341 3414 -1 (0, 0) (0, 0) 0 0
341 3981 -1 (0, 0) (0, 0) 0 0
341 4641 -1 (0, 0) (0, 0) 0 0
341 5411 -1 (0, 0) (0, 0) 0 0
341 6309 -1 (0, 0) (0, 0) 0 0
341 7356 -1 (0, 0) (0, 0) 0 0
341 8576 -1 (0, 0) (0, 0) 0 0
341 10000 -1 (0, 0) (0, 0) 0 0
398 100 -1 (0, -1) (0, -1) 0 0
398 116 -1 (0, -1) (0, -1) 0 0
398 135 -1 (0, -1) (0, -1) 0 0
398 158 -1 (0, -1) (0, -1) 0 0
398 184 -1 (0, -1) (0, -1) 0 0
398 215 -1 (0, -1) (0, -1) 0 0
398 251 -1 (0, -1) (0, -1) 0 0
398 292 -1 (0, -1) (0, -1) 0 0
398 341 -1 (0, -1) (0, -1) 0 0
398 398 -1 (0, -1) (0, -1) 0 0
398 464 -1 (0, 0) (0, 0) 0 0
398 541 1 (1, 0) (0, 0) 0 0
398 630 1 (1, 0) (0, 0) 0 0
398 735 1 (1, 0) (0, 0) 0 0
398 857 1 (1, 0) (0, 0) 0 0
398 1000 1 (1, 0) (0, 0) 0 0
398 1165 1 (1, 0) (0, 0) 0 0
398 1359 -1 (0, 0) (0, 0) 0 0
398 1584 -1 (0, 0) (0, 0) 0 0
398 1847 -1 (0, 0) (0, 0) 0 0
398 2154 -1 (0, 0) (0, 0) 0 0
398 2511 -1 (0, 0) (0, 0) 0 0
398 2928 -1 (0, 0) (0, 0) 0 0
398 3414 -1 (0, 0) (0, 0) 0 0
398 3981 -1 (0, 0) (0, 0) 0 0
398 4641 -1 (0, 0) (0, 0) 0 0
398 5411 -1 (0, 0) (0, 0) 0 0
398 6309 -1 (0, 0) (0, 0) 0 0
398 7356 -1 (0, 0) (0, 0) 0 0
398 8576 -1 (0, 0) (0, 0) 0 0
398 10000 -1 (0, 0) (0, 0) 0 0
464 100 -1 (0, -1) (0, -1) 0 0
464 116 -1 (0, -1) (0, -1) 0 0
464 135 -1 (0, -1) (0, -1) 0 0
464 158 -1 (0, -1) (0, -1) 0 0
464 184 -1 (0, -1) (0, -1) 0 0
464 215 -1 (0, -1) (0, -1) 0 0
464 251 -1 (0, -1) (0, -1) 0 0
464 292 -1 (0, -1) (0, -1) 0 0
464 341 -1 (0, -1) (0, -1) 0 0
464 398 -1 (0, -1) (0, -1) 0 0
464 464 -1 (0, -1) (0, -1) 0 0
464 541 -1 (0, 0) (0, 0) 0 0
464 630 1 (1, 0) (0, 0) 0 0
464 735 1 (1, 0) (0, 0) 0 0
464 857 1 (1, 0) (0, 0) 0 0
464 1000 1 (1, 0) (0, 0) 0 0
464 1165 1 (1, 0) (0, 0) 0 0
464 1359 -1 (0, 0) (0, 0) 0 0
464 1584 -1 (0, 0) (0, 0) 0 0
464 1847 -1 (0, 0) (0, 0) 0 0
464 2154 -1 (0, 0) (0, 0) 0 0
464 2511 -1 (0, 0) (0, 0) 0 0
464 2928 -1 (0, 0) (0, 0) 0 0
464 3414 -1 (0, 0) (0, 0) 0 0
464 3981 -1 (0, 0) (0, 0) 0 0
464 4641 -1 (0, 0) (0, 0) 0 0
464 5411 -1 (0, 0) (0, 0) 0 0
464 6309 -1 (0, 0) (0, 0) 0 0
464 7356 -1 (0, 0) (0, 0) 0 0
464 8576 -1 (0, 0) (0, 0) 0 0
464 10000 -1 (0, 0) (0, 0) 0 0
541 100 -1 (0, -1) (0, -1) 0 0
541 116 -1 (0, -1) (0, -1) 0 0
541 135 -1 (0, -1) (0, -1) 0 0
541 158 -1 (0, -1) (0, -1) 0 0
541 184 -1 (0, -1) (0, -1) 0 0
541 215 -1 (0, -1) (0, -1) 0 0
541 251 -1 (0, -1) (0, -1) 0 0
541 292 -1 (0, -1) (0, -1) 0 0
541 341 -1 (0, -1) (0, -1) 0 0
541 398 -1 (0, -1) (0, -1) 0 0
541 464 -1 (0, -1) (0, -1) 0 0
541 541 -1 (0, -1) (0, -1) 0 0
541 630 -1 (0, 0) (0, 0) 0 0
541 735 1 (1, 0) (0, 0) 0 0
541 857 1 (1, 0) (0, 0) 0 0
541 1000 1 (1, 0) (0, 0) 0 0
541 1165 1 (1, 0) (0, 0) 0 0
541 1359 -1 (0, 0) (0, 0) 0 0
541 1584 -1 (0, 0) (0, 0) 0 0
541 1847 -1 (0, 0) (0, 0) 0 0
541 2154 -1 (0, 0) (0, 0) 0 0
541 2511 -1 (0, 0) (0, 0) 0 0
541 2928 -1 (0, 0) (0, 0) 0 0
541 3414 -1 (0, 0) (0, 0) 0 0
541 3981 -1 (0, 0) (0, 0) 0 0
541 4641 -1 (0, 0) (0, 0) 0 0
541 5411 -1 (0, 0) (0, 0) 0 0
541 6309 -1 (0, 0) (0, 0) 0 0
541 7356 -1 (0, 0) (0, 0) 0 0
541 8576 -1 (0, 0) (0, 0) 0 0
541 10000 -1 (0, 0) (0, 0) 0 0
630 100 -1 (0, -1) (0, -1) 0 0
630 116 -1 (0, -1) (0, -1) 0 0
630 135 -1 (0, -1) (0, -1) 0 0
630 158 -1 (0, -1) (0, -1) 0 0
630 184 -1 (0, -1) (0, -1) 0 0
630 215 -1 (0, -1) (0, -1) 0 0
630 251 -1 (0, -1) (0, -1) 0 0
630 292 -1 (0, -1) (0, -1) 0 0
630 341 -1 (0, -1) (0, -1) 0 0
630 398 -1 (0, -1) (0, -1) 0 0
630 464 -1 (0, -1) (0, -1) 0 0
630 541 -1 (0, -1) (0, -1) 0 0
630 630 -1 (0, -1) (0, -1) 0 0
630 735 -1 (0, 0) (0, 0) 0 0
630 857 1 (1, 0) (0, 0) 0 0
630 1000 1 (1, 0) (0, 0) 0 0
630 1165 1 (1, 0) (0, 0) 0 0
630 1359 1 (1, 0) (0, 0) 0 0
630 1584 -1 (0, 0) (0, 0) 0 0
630 1847 -1 (0, 0) (0, 0) 0 0
630 2154 -1 (0, 0) (0, 0) 0 0
630 2511 -1 (0, 0) (0, 0) 0 0
630 2928 -1 (0, 0) (0, 0) 0 0
630 3414 -1 (0, 0) (0, 0) 0 0
630 3981 -1 (0, 0) (0, 0) 0 0
630 4641 -1 (0, 0) (0, 0) 0 0
630 5411 -1 (0, 0) (0, 0) 0 0
630 6309 -1 (0, 0) (0, 0) 0 0
630 7356 -1 (0, 0) (0, 0) 0 0
630 8576 -1 (0, 0) (0, 0) 0 0
630 10000 -1 (0, 0) (0, 0) 0 0
735 100 -1 (0, -1) (0, -1) 0 0
735 116 -1 (0, -1) (0, -1) 0 0
735 135 -1 (0, -1) (0, -1) 0 0
735 158 -1 (0, -1) (0, -1) 0 0
735 184 -1 (0, -1) (0, -1) 0 0
735 215 -1 (0, -1) (0, -1) 0 0
735 251 -1 (0, -1) (0, -1) 0 0
735 292 -1 (0, -1) (0, -1) 0 0
735 341 -1 (0, -1) (0, -1) 0 0
735 398 -1 (0, -1) (0, -1) 0 0
735 464 -1 (0, -1) (0, -1) 0 0
735 541 -1 (0, -1) (0, -1) 0 0
735 630 -1 (0, -1) (0, -1) 0 0
735 735 -1 (0, -1) (0, -1) 0 0
735 857 -1 (0, 0) (0, 0) 0 0
735 1000 1 (1, 0) (0, 0) 0 0
735 1165 1 (1, 0) (0, 0) 0 0
735 1359 1 (1, 0) (0, 0) 0 0
735 1584 -1 (0, 0) (0, 0) 0 0
735 1847 -1 (0, 0) (0, 0) 0 0
735 2154 -1 (0, 0) (0, 0) 0 0
735 2511 -1 (0, 0) (0, 0) 0 0
735 2928 -1 (0, 0) (0, 0) 0 0
735 3414 -1 (0, 0) (0, 0) 0 0
735 3981 -1 (0, 0) (0, 0) 0 0
735 4641 -1 (0, 0) (0, 0) 0 0
735 5411 -1 (0, 0) (0, 0) 0 0
735 6309 -1 (0, 0) (0, 0) 0 0
735 7356 -1 (0, 0) (0, 0) 0 0
735 8576 -1 (0, 0) (0, 0) 0 0
735 10000 -1 (0, 0) (0, 0) 0 0
857 100 -1 (0, -1) (0, -1) 0 0
857 116 -1 (0, -1) (0, -1) 0 0
857 135 -1 (0, -1) (0, -1) 0 0
857 158 -1 (0, -1) (0, -1) 0 0
857 184 -1 (0, -1) (0, -1) 0 0
857 215 -1 (0, -1) (0, -1) 0 0
857 251 -1 (0, -1) (0, -1) 0 0
857 292 -1 (0, -1) (0, -1) 0 0
857 341 -1 (0, -1) (0, -1) 0 0
857 398 -1 (0, -1) (0, -1) 0 0
857 464 -1 (0, -1) (0, -1) 0 0
857 541 -1 (0, -1) (0, -1) 0 0
857 630 -1 (0, -1) (0, -1) 0 0
857 735 -1 (0, -1) (0, -1) 0 0
857 857 -1 (0, -1) (0, -1) 0 0
857 1000 -1 (0, 0) (0, 0) 0 0
857 1165 1 (1, 0) (0, 0) 0 0
857 1359 -1 (0, 0) (0, 0) 0 0
857 1584 -1 (0, 0) (0, 0) 0 0
857 1847 -1 (0, 0) (0, 0) 0 0
857 2154 -1 (0, 0) (0, 0) 0 0
857 2511 -1 (0, 0) (0, 0) 0 0
857 2928 -1 (0, 0) (0, 0) 0 0
857 3414 -1 (0, 0) (0, 0) 0 0
857 3981 -1 (0, 0) (0, 0) 0 0
857 4641 -1 (0, 0) (0, 0) 0 0
857 5411 -1 (0, 0) (0, 0) 0 0
857 6309 -1 (0, 0) (0, 0) 0 0
857 7356 -1 (0, 0) (0, 0) 0 0
857 8576 -1 (0, 0) (0, 0) 0 0
857 10000 -1 (0, 0) (0, 0) 0 0
1000 100 -1 (0, -1) (0, -1) 0 0
1000 116 -1 (0, -1) (0, -1) 0 0
1000 135 -1 (0, -1) (0, -1) 0 0
1000 158 -1 (0, -1) (0, -1) 0 0
1000 184 -1 (0, -1) (0, -1) 0 0
1000 215 -1 (0, -1) (0, -1) 0 0
1000 251 -1 (0, -1) (0, -1) 0 0
1000 292 -1 (0, -1) (0, -1) 0 0
1000 341 -1 (0, -1) (0, -1) 0 0
1000 398 -1 (0, -1) (0, -1) 0 0
1000 464 -1 (0, -1) (0, -1) 0 0
1000 541 -1 (0, -1) (0, -1) 0 0
1000 630 -1 (0, -1) (0, -1) 0 0
1000 735 -1 (0, -1) (0, -1) 0 0
1000 857 -1 (0, -1) (0, -1) 0 0
1000 1000 -1 (0, -1) (0, -1) 0 0
1000 1165 -1 (0, 0) (0, 0) 0 0
1000 1359 -1 (0, 0) (0, 0) 0 0
1000 1584 -1 (0, 0) (0, 0) 0 0
1000 1847 -1 (0, 0) (0, 0) 0 0
1000 2154 -1 (0, 0) (0, 0) 0 0
1000 2511 -1 (0, 0) (0, 0) 0 0
1000 2928 -1 (0, 0) (0, 0) 0 0
1000 3414 -1 (0, 0) (0, 0) 0 0
1000 3981 -1 (0, 0) (0, 0) 0 0
1000 4641 -1 (0, 0) (0, 0) 0 0
1000 5411 -1 (0, 0) (0, 0) 0 0
1000 6309 -1 (0, 0) (0, 0) 0 0
1000 7356 -1 (0, 0) (0, 0) 0 0
1000 8576 -1 (0, 0) (0, 0) 0 0
1000 10000 -1 (0, 0) (0, 0) 0 0
1165 100 1 (0, 0) (1, 0) 0 0
1165 116 -1 (0, -1) (0, -1) 0 0
1165 135 -1 (0, -1) (0, -1) 0 0
1165 158 -1 (0, -1) (0, -1) 0 0
1165 184 -1 (0, -1) (0, -1) 0 0
1165 215 -1 (0, -1) (0, -1) 0 0
1165 251 -1 (0, -1) (0, -1) 0 0
1165 292 -1 (0, -1) (0, -1) 0 0
1165 341 -1 (0, -1) (0, -1) 0 0
1165 398 -1 (0, -1) (0, -1) 0 0
1165 464 -1 (0, -1) (0, -1) 0 0
1165 541 -1 (0, -1) (0, -1) 0 0
1165 630 -1 (0, -1) (0, -1) 0 0
1165 735 -1 (0, -1) (0, -1) 0 0
1165 857 -1 (0, -1) (0, -1) 0 0
1165 1000 -1 (0, -1) (0, -1) 0 0
1165 1165 -1 (0, -1) (0, -1) 0 0
1165 1359 -1 (0, 0) (0, 0) 0 0
1165 1584 -1 (0, 0) (0, 0) 0 0
1165 1847 -1 (0, 0) (0, 0) 0 0
1165 2154 -1 (0, 0) (0, 0) 0 0
1165 2511 -1 (0, 0) (0, 0) 0 0
1165 2928 -1 (0, 0) (0, 0) 0 0
1165 3414 -1 (0, 0) (0, 0) 0 0
1165 3981 -1 (0, 0) (0, 0) 0 0
1165 4641 -1 (0, 0) (0, 0) 0 0
1165 5411 -1 (0, 0) (0, 0) 0 0
1165 6309 -1 (0, 0) (0, 0) 0 0
1165 7356 -1 (0, 0) (0, 0) 0 0
1165 8576 -1 (0, 0) (0, 0) 0 0
1165 10000 -1 (0, 0) (0, 0) 0 0
1359 100 1 (0, 0) (1, 0) 0 0
1359 116 1 (0, 0) (1, 0) 0 0
1359 135 -1 (0, -1) (0, -1) 0 0
1359 158 -1 (0, -1) (0, -1) 0 0
1359 184 -1 (0, -1) (0, -1) 0 0
1359 215 -1 (0, -1) (0, -1) 0 0
1359 251 -1 (0, -1) (0, -1) 0 0
1359 292 -1 (0, -1) (0, -1) 0 0
1359 341 -1 (0, -1) (0, -1) 0 0
1359 398 -1 (0, -1) (0, -1) 0 0
1359 464 -1 (0, -1) (0, -1) 0 0
1359 541 -1 (0, -1) (0, -1) 0 0
1359 630 -1 (0, -1) (0, -1) 0 0
1359 735 -1 (0, -1) (0, -1) 0 0
1359 857 -1 (0, -1) (0, -1) 0 0
1359 1000 -1 (0, -1) (0, -1) 0 0
1359 1165 -1 (0, -1) (0, -1) 0 0
1359 1359 -1 (0, -1) (0, -1) 0 0
1359 1584 -1 (0, 0) (0, 0) 0 0
1359 1847 -1 (0, 0) (0, 0) 0 0
1359 2154 -1 (0, 0) (0, 0) 0 0
1359 2511 -1 (0, 0) (0, 0) 0 0
1359 2928 -1 (0, 0) (0, 0) 0 0
1359 3414 -1 (0, 0) (0, 0) 0 0
1359 3981 -1 (0, 0) (0, 0) 0 0
1359 4641 -1 (0, 0) (0, 0) 0 0
1359 5411 -1 (0, 0) (0, 0) 0 0
1359 6309 -1 (0, 0) (0, 0) 0 0
1359 7356 -1 (0, 0) (0, 0) 0 0
1359 8576 -1 (0, 0) (0, 0) 0 0
1359 10000 -1 (0, 0) (0, 0) 0 0
1584 100 1 (0, 0) (1, 0) 0 0
1584 116 1 (0, 0) (1, 0) 0 0
1584 135 1 (0, 0) (1, 0) 0 0
1584 158 -1 (0, -1) (0, -1) 0 0
1584 184 -1 (0, -1) (0, -1) 0 0
1584 215 -1 (0, -1) (0, -1) 0 0
1584 251 -1 (0, -1) (0, -1) 0 0
1584 292 -1 (0, -1) (0, -1) 0 0
1584 341 -1 (0, -1) (0, -1) 0 0
1584 398 -1 (0, -1) (0, -1) 0 0
1584 464 -1 (0, -1) (0, -1) 0 0
1584 541 -1 (0, -1) (0, -1) 0 0
1584 630 -1 (0, -1) (0, -1) 0 0
1584 735 -1 (0, -1) (0, -1) 0 0
1584 857 -1 (0, -1) (0, -1) 0 0
1584 1000 -1 (0, -1) (0, -1) 0 0
1584 1165 -1 (0, -1) (0, -1) 0 0
1584 1359 -1 (0, -1) (0, -1) 0 0
1584 1584 -1 (0, -1) (0, -1) 0 0
1584 1847 -1 (0, 0) (0, 0) 0 0
1584 2154 -1 (0, 0) (0, 0) 0 0
1584 2511 -1 (0, 0) (0, 0) 0 0
1584 2928 -1 (0, 0) (0, 0) 0 0
1584 3414 -1 (0, 0) (0, 0) 0 0
1584 3981 -1 (0, 0) (0, 0) 0 0
1584 4641 -1 (0, 0) (0, 0) 0 0
1584 5411 -1 (0, 0) (0, 0) 0 0
1584 6309 -1 (0, 0) (0, 0) 0 0
1584 7356 -1 (0, 0) (0, 0) 0 0
1584 8576 -1 (0, 0) (0, 0) 0 0
1584 10000 -1 (0, 0) (0, 0) 0 0
1847 100 1 (0, 0) (1, 0) 0 0
1847 116 1 (0, 0) (1, 0) 0 0
1847 135 1 (0, 0) (1, 0) 0 0
1847 158 1 (0, 0) (1, 0) 0 0
1847 184 -1 (0, -1) (0, -1) 0 0
1847 215 -1 (0, -1) (0, -1) 0 0
1847 251 -1 (0, -1) (0, -1) 0 0
1847 292 -1 (0, -1) (0, -1) 0 0
1847 341 -1 (0, -1) (0, -1) 0 0
1847 398 -1 (0, -1) (0, -1) 0 0
1847 464 -1 (0, -1) (0, -1) 0 0
1847 541 -1 (0, -1) (0, -1) 0 0
1847 630 -1 (0, -1) (0, -1) 0 0
1847 735 -1 (0, -1) (0, -1) 0 0
1847 857 -1 (0, -1) (0, -1) 0 0
1847 1000 -1 (0, -1) (0, -1) 0 0
1847 1165 -1 (0, -1) (0, -1) 0 0
1847 1359 -1 (0, -1) (0, -1) 0 0
1847 1584 -1 (0, -1) (0, -1) 0 0
1847 1847 -1 (0, -1) (0, -1) 0 0
1847 2154 -1 (0, 0) (0, 0) 0 0
1847 2511 -1 (0, 0) (0, 0) 0 0
1847 2928 -1 (0, 0) (0, 0) 0 0
1847 3414 -1 (0, 0) (0, 0) 0 0
1847 3981 -1 (0, 0) (0, 0) 0 0
1847 4641 -1 (0, 0) (0, 0) 0 0
1847 5411 -1 (0, 0) (0, 0) 0 0
1847 6309 -1 (0, 0) (0, 0) 0 0
1847 7356 -1 (0, 0) (0, 0) 0 0
1847 8576 -1 (0, 0) (0, 0) 0 0
1847 10000 -1 (0, 0) (0, 0) 0 0
2154 100 1 (0, 0) (1, 0) 0 0
2154 116 1 (0, 0) (1, 0) 0 0
2154 135 1 (0, 0) (1, 0) 0 0
2154 158 1 (0, 0) (1, 0) 0 0
2154 184 1 (0, 0) (1, 0) 0 0
2154 215 -1 (0, -1) (0, -1) 0 0
2154 251 -1 (0, -1) (0, -1) 0 0
2154 292 -1 (0, -1) (0, -1) 0 0
2154 341 -1 (0, -1) (0, -1) 0 0
2154 398 -1 (0, -1) (0, -1) 0 0
2154 464 -1 (0, -1) (0, -1) 0 0
2154 541 -1 (0, -1) (0, -1) 0 0
2154 630 -1 (0, -1) (0, -1) 0 0
2154 735 -1 (0, -1) (0, -1) 0 0
2154 857 -1 (0, -1) (0, -1) 0 0
2154 1000 -1 (0, -1) (0, -1) 0 0
2154 1165 -1 (0, -1) (0, -1) 0 0
2154 1359 -1 (0, -1) (0, -1) 0 0
2154 1584 -1 (0, -1) (0, -1) 0 0
2154 1847 -1 (0, -1) (0, -1) 0 0
2154 2154 -1 (0, -1) (0, -1) 0 0
2154 2511 -1 (0, 0) (0, 0) 0 0
2154 2928 -1 (0, 0) (0, 0) 0 0
2154 3414 -1 (0, 0) (0, 0) 0 0
2154 3981 -1 (0, 0) (0, 0) 0 0
2154 4641 -1 (0, 0) (0, 0) 0 0
2154 5411 -1 (0, 0) (0, 0) 0 0
2154 6309 -1 (0, 0) (0, 0) 0 0
2154 7356 -1 (0, 0) (0, 0) 0 0
2154 8576 -1 (0, 0) (0, 0) 0 0
2154 10000 -1 (0, 0) (0, 0) 0 0
2511 100 1 (0, 0) (1, 0) 0 0
2511 116 1 (0, 0) (1, 0) 0 0
2511 135 1 (0, 0) (1, 0) 0 0
2511 158 1 (0, 0) (1, 0) 0 0
2511 184 1 (0, 0) (1, 0) 0 0
2511 215 -1 (0, -1) (0, -1) 0 0
2511 251 -1 (0, -1) (0, -1) 0 0
2511 292 -1 (0, -1) (0, -1) 0 0
2511 341 -1 (0, -1) (0, -1) 0 0
2511 398 -1 (0, -1) (0, -1) 0 0
2511 464 -1 (0, -1) (0, -1) 0 0
2511 541 -1 (0, -1) (0, -1) 0 0
2511 630 -1 (0, -1) (0, -1) 0 0
2511 735 -1 (0, -1) (0, -1) 0 0
2511 857 -1 (0, -1) (0, -1) 0 0
2511 1000 -1 (0, -1) (0, -1) 0 0
2511 1165 -1 (0, -1) (0, -1) 0 0
2511 1359 -1 (0, -1) (0, -1) 0 0
2511 1584 -1 (0, -1) (0, -1) 0 0
2511 1847 -1 (0, -1) (0, -1) 0 0
2511 2154 -1 (0, -1) (0, -1) 0 0
2511 2511 -1 (0, -1) (0, -1) 0 0
2511 2928 -1 (0, 0) (0, 0) 0 0
2511 3414 -1 (0, 0) (0, 0) 0 0
2511 3981 -1 (0, 0) (0, 0) 0 0
2511 4641 -1 (0, 0) (0, 0) 0 0
2511 5411 -1 (0, 0) (0, 0) 0 0
2511 6309 -1 (0, 0) (0, 0) 0 0
2511 7356 -1 (0, 0) (0, 0) 0 0
2511 8576 -1 (0, 0) (0, 0) 0 0
2511 10000 -1 (0, 0) (0, 0) 0 0
2928 100 1 (0, 0) (1, 0) 0 0
2928 116 1 (0, 0) (1, 0) 0 0
2928 135 1 (0, 0) (1, 0) 0 0
2928 158 1 (0, 0) (1, 0) 0 0
2928 184 1 (0, 0) (1, 0) 0 0
2928 215 1 (0, 0) (1, 0) 0 0
2928 251 -1 (0, -1) (0, -1) 0 0
2928 292 -1 (0, -1) (0, -1) 0 0
2928 341 -1 (0, -1) (0, -1) 0 0
2928 398 -1 (0, -1) (0, -1) 0 0
2928 464 -1 (0, -1) (0, -1) 0 0
2928 541 -1 (0, -1) (0, -1) 0 0
2928 630 -1 (0, -1) (0, -1) 0 0
2928 735 -1 (0, -1) (0, -1) 0 0
2928 857 -1 (0, -1) (0, -1) 0 0
2928 1000 -1 (0, -1) (0, -1) 0 0
2928 1165 -1 (0, -1) (0, -1) 0 0
2928 1359 -1 (0, -1) (0, -1) 0 0
2928 1584 -1 (0, -1) (0, -1) 0 0
2928 1847 -1 (0, -1) (0, -1) 0 0
2928 2154 -1 (0, -1) (0, -1) 0 0
2928 2511 -1 (0, -1) (0, -1) 0 0
2928 2928 -1 (0, -1) (0, -1) 0 0
2928 3414 -1 (0, 0) (0, 0) 0 0
2928 3981 -1 (0, 0) (0, 0) 0 0
2928 4641 -1 (0, 0) (0, 0) 0 0
2928 5411 -1 (0, 0) (0, 0) 0 0
2928 6309 -1 (0, 0) (0, 0) 0 0
2928 7356 -1 (0, 0) (0, 0) 0 0
2928 8576 -1 (0, 0) (0, 0) 0 0
2928 10000 -1 (0, 0) (0, 0) 0 0
3414 100 1 (0, 0) (1, 0) 0 0
3414 116 1 (0, 0) (1, 0) 0 0
3414 135 1 (0, 0) (1, 0) 0 0
3414 158 1 (0, 0) (1, 0) 0 0
3414 184 1 (0, 0) (1, 0) 0 0
3414 215 1 (0, 0) (1, 0) 0 0
3414 251 -1 (0, -1) (0, -1) 0 0
3414 292 -1 (0, -1) (0, -1) 0 0
3414 341 -1 (0, -1) (0, -1) 0 0
3414 398 -1 (0, -1) (0, -1) 0 0
3414 464 -1 (0, -1) (0, -1) 0 0
3414 541 -1 (0, -1) (0, -1) 0 0
3414 630 -1 (0, -1) (0, -1) 0 0
3414 735 -1 (0, -1) (0, -1) 0 0
3414 857 -1 (0, -1) (0, -1) 0 0
3414 1000 -1 (0, -1) (0, -1) 0 0
3414 1165 -1 (0, -1) (0, -1) 0 0
3414 1359 -1 (0, -1) (0, -1) 0 0
3414 1584 -1 (0, -1) (0, -1) 0 0
3414 1847 -1 (0, -1) (0, -1) 0 0
3414 2154 -1 (0, -1) (0, -1) 0 0
3414 2511 -1 (0, -1) (0, -1) 0 0
3414 2928 -1 (0, -1) (0, -1) 0 0
3414 3414 -1 (0, -1) (0, -1) 0 0
3414 3981 -1 (0, 0) (0, 0) 0 0
3414 4641 -1 (0, 0) (0, 0) 0 0
3414 5411 -1 (0, 0) (0, 0) 0 0
3414 6309 -1 (0, 0) (0, 0) 0 0
3414 7356 -1 (0, 0) (0, 0) 0 0
3414 8576 -1 (0, 0) (0, 0) 0 0
3414 10000 -1 (0, 0) (0, 0) 0 0
3981 100 1 (0, 0) (1, 0) 0 0
3981 116 1 (0, 0) (1, 0) 0 0
3981 135 1 (0, 0) (1, 0) 0 0
3981 158 1 (0, 0) (1, 0) 0 0
3981 184 1 (0, 0) (1, 0) 0 0
3981 215 1 (0, 0) (1, 0) 0 0
3981 251 1 (0, 0) (1, 0) 0 0
3981 292 -1 (0, -1) (0, -1) 0 0
3981 341 -1 (0, -1) (0, -1) 0 0
3981 398 -1 (0, -1) (0, -1) 0 0
3981 464 -1 (0, -1) (0, -1) 0 0
3981 541 -1 (0, -1) (0, -1) 0 0
3981 630 -1 (0, -1) (0, -1) 0 0
3981 735 -1 (0, -1) (0, -1) 0 0
3981 857 -1 (0, -1) (0, -1) 0 0
3981 1000 -1 (0, -1) (0, -1) 0 0
3981 1165 -1 (0, -1) (0, -1) 0 0
3981 1359 -1 (0, -1) (0, -1) 0 0
3981 1584 -1 (0, -1) (0, -1) 0 0
3981 1847 -1 (0, -1) (0, -1) 0 0
3981 2154 -1 (0, -1) (0, -1) 0 0
3981 2511 -1 (0, -1) (0, -1) 0 0
3981 2928 -1 (0, -1) (0, -1) 0 0
3981 3414 -1 (0, -1) (0, -1) 0 0
3981 3981 -1 (0, -1) (0, -1) 0 0
3981 4641 -1 (0, 0) (0, 0) 0 0
3981 5411 -1 (0, 0) (0, 0) 0 0
3981 6309 -1 (0, 0) (0, 0) 0 0
3981 7356 -1 (0, 0) (0, 0) 0 0
3981 8576 -1 (0, 0) (0, 0) 0 0
3981 10000 -1 (0, 0) (0, 0) 0 0
4641 100 1 (0, 0) (1, 0) 0 0
4641 116 1 (0, 0) (1, 0) 0 0
4641 135 1 (0, 0) (1, 0) 0 0
4641 158 1 (0, 0) (1, 0) 0 0
4641 184 1 (0, 0) (1, 0) 0 0
4641 215 1 (0, 0) (1, 0) 0 0
4641 251 1 (0, 0) (1, 0) 0 0
4641 292 1 (0, 0) (1, 0) 0 0
4641 341 -1 (0, -1) (0, -1) 0 0
4641 398 -1 (0, -1) (0, -1) 0 0
4641 464 -1 (0, -1) (0, -1) 0 0
4641 541 -1 (0, -1) (0, -1) 0 0
4641 630 -1 (0, -1) (0, -1) 0 0
4641 735 -1 (0, -1) (0, -1) 0 0
4641 857 -1 (0, -1) (0, -1) 0 0
4641 1000 -1 (0, -1) (0, -1) 0 0
4641 1165 -1 (0, -1) (0, -1) 0 0
4641 1359 -1 (0, -1) (0, -1) 0 0
4641 1584 -1 (0, -1) (0, -1) 0 0
4641 1847 -1 (0, -1) (0, -1) 0 0
4641 2154 -1 (0, -1) (0, -1) 0 0
4641 2511 -1 (0, -1) (0, -1) 0 0
4641 2928 -1 (0, -1) (0, -1) 0 0
4641 3414 -1 (0, -1) (0, -1) 0 0
4641 3981 -1 (0, -1) (0, -1) 0 0
4641 4641 -1 (0, -1) (0, -1) 0 0
4641 5411 -1 (0, 0) (0, 0) 0 0
4641 6309 -1 (0, 0) (0, 0) 0 0
4641 7356 -1 (0, 0) (0, 0) 0 0
4641 8576 -1 (0, 0) (0, 0) 0 0
4641 10000 -1 (0, 0) (0, 0) 0 0
5411 100 1 (0, 0) (1, 0) 0 0
5411 116 1 (0, 0) (1, 0) 0 0
5411 135 1 (0, 0) (1, 0) 0 0
5411 158 1 (0, 0) (1, 0) 0 0
5411 184 1 (0, 0) (1, 0) 0 0
5411 215 1 (0, 0) (1, 0) 0 0
5411 251 1 (0, 0) (1, 0) 0 0
5411 292 1 (0, 0) (1, 0) 0 0
5411 341 -1 (0, -1) (0, -1) 0 0
5411 398 -1 (0, -1) (0, -1) 0 0
5411 464 -1 (0, -1) (0, -1) 0 0
5411 541 -1 (0, -1) (0, -1) 0 0
5411 630 -1 (0, -1) (0, -1) 0 0
5411 735 -1 (0, -1) (0, -1) 0 0
5411 857 -1 (0, -1) (0, -1) 0 0
5411 1000 -1 (0, -1) (0, -1) 0 0
5411 1165 -1 (0, -1) (0, -1) 0 0
5411 1359 -1 (0, -1) (0, -1) 0 0
5411 1584 -1 (0, -1) (0, -1) 0 0
5411 1847 -1 (0, -1) (0, -1) 0 0
5411 2154 -1 (0, -1) (0, -1) 0 0
5411 2511 -1 (0, -1) (0, -1) 0 0
5411 2928 -1 (0, -1) (0, -1) 0 0
5411 3414 -1 (0, -1) (0, -1) 0 0
5411 3981 -1 (0, -1) (0, -1) 0 0
5411 4641 -1 (0, -1) (0, -1) 0 0
5411 5411 -1 (0, -1) (0, -1) 0 0
5411 6309 -1 (0, 0) (0, 0) 0 0
5411 7356 -1 (0, 0) (0, 0) 0 0
5411 8576 -1 (0, 0) (0, 0) 0 0
5411 10000 -1 (0, 0) (0, 0) 0 0
6309 100 1 (0, 0) (1, 0) 0 0
6309 116 1 (0, 0) (1, 0) 0 0
6309 135 1 (0, 0) (1, 0) 0 0
6309 158 1 (0, 0) (1, 0) 0 0
6309 184 1 (0, 0) (1, 0) 0 0
6309 215 1 (0, 0) (1, 0) 0 0
6309 251 1 (0, 0) (1, 0) 0 0
6309 292 1 (0, 0) (1, 0) 0 0
6309 341 1 (0, 0) (1, 0) 0 0
6309 398 -1 (0, -1) (0, -1) 0 0
6309 464 -1 (0, -1) (0, -1) 0 0
6309 541 -1 (0, -1) (0, -1) 0 0
6309 630 -1 (0, -1) (0, -1) 0 0
6309 735 -1 (0, -1) (0, -1) 0 0
6309 857 -1 (0, -1) (0, -1) 0 0
6309 1000 -1 (0, -1) (0, -1) 0 0
6309 1165 -1 (0, -1) (0, -1) 0 0
6309 1359 -1 (0, -1) (0, -1) 0 0
6309 1584 -1 (0, -1) (0, -1) 0 0
6309 1847 -1 (0, -1) (0, -1) 0 0
6309 2154 -1 (0, -1) (0, -1) 0 0
6309 2511 -1 (0, -1) (0, -1) 0 0
6309 2928 -1 (0, -1) (0, -1) 0 0
6309 3414 -1 (0, -1) (0, -1) 0 0
6309 3981 -1 (0, -1) (0, -1) 0 0
6309 4641 -1 (0, -1) (0, -1) 0 0
6309 5411 -1 (0, -1) (0, -1) 0 0
6309 6309 -1 (0, -1) (0, -1) 0 0
6309 7356 -1 (0, 0) (0, 0) 0 0
6309 8576 -1 (0, 0) (0, 0) 0 0
6309 10000 -1 (0, 0) (0, 0) 0 0
7356 100 1 (0, 0) (1, 0) 0 0
7356 116 1 (0, 0) (1, 0) 0 0
7356 135 1 (0, 0) (1, 0) 0 0
7356 158 1 (0, 0) (1, 0) 0 0
7356 184 1 (0, 0) (1, 0) 0 0
7356 215 1 (0, 0) (1, 0) 0 0
7356 251 1 (0, 0) (1, 0) 0 0
7356 292 1 (0, 0) (1, 0) 0 0
7356 341 1 (0, 0) (1, 0) 0 0
7356 398 -1 (0, -1) (0, -1) 0 0
7356 464 -1 (0, -1) (0, -1) 0 0
7356 541 -1 (0, -1) (0, -1) 0 0
7356 630 -1 (0, -1) (0, -1) 0 0
7356 735 -1 (0, -1) (0, -1) 0 0
7356 857 -1 (0, -1) (0, -1) 0 0
7356 1000 -1 (0, -1) (0, -1) 0 0
7356 1165 -1 (0, -1) (0, -1) 0 0
7356 1359 -1 (0, -1) (0, -1) 0 0
7356 1584 -1 (0, -1) (0, -1) 0 0
7356 1847 -1 (0, -1) (0, -1) 0 0
7356 2154 -1 (0, -1) (0, -1) 0 0
7356 2511 -1 (0, -1) (0, -1) 0 0
7356 2928 -1 (0, -1) (0, -1) 0 0
7356 3414 -1 (0, -1) (0, -1) 0 0
7356 3981 -1 (0, -1) (0, -1) 0 0
7356 4641 -1 (0, -1) (0, -1) 0 0
7356 5411 -1 (0, -1) (0, -1) 0 0
7356 6309 -1 (0, -1) (0, -1) 0 0
7356 7356 -1 (0, -1) (0, -1) 0 0
7356 8576 -1 (0, 0) (0, 0) 0 0
7356 10000 -1 (0, 0) (0, 0) 0 0
8576 100 1 (0, 0) (1, 0) 0 0
8576 116 1 (0, 0) (1, 0) 0 0
8576 135 1 (0, 0) (1, 0) 0 0
8576 158 1 (0, 0) (1, 0) 0 0
8576 184 1 (0, 0) (1, 0) 0 0
8576 215 1 (0, 0) (1, 0) 0 0
8576 251 1 (0, 0) (1, 0) 0 0
8576 292 1 (0, 0) (1, 0) 0 0
8576 341 1 (0, 0) (1, 0) 0 0
8576 398 1 (0, 0) (1, 0) 0 0
8576 464 -1 (0, -1) (0, -1) 0 0
8576 541 -1 (0, -1) (0, -1) 0 0
8576 630 -1 (0, -1) (0, -1) 0 0
8576 735 -1 (0, -1) (0, -1) 0 0
8576 857 -1 (0, -1) (0, -1) 0 0
8576 1000 -1 (0, -1) (0, -1) 0 0
8576 1165 -1 (0, -1) (0, -1) 0 0
8576 1359 -1 (0, -1) (0, -1) 0 0
8576 1584 -1 (0, -1) (0, -1) 0 0
8576 1847 -1 (0, -1) (0, -1) 0 0
8576 2154 -1 (0, -1) (0, -1) 0 0
8576 2511 -1 (0, -1) (0, -1) 0 0
8576 2928 -1 (0, -1) (0, -1) 0 0
8576 3414 -1 (0, -1) (0, -1) 0 0
8576 3981 -1 (0, -1) (0, -1) 0 0
8576 4641 -1 (0, -1) (0, -1) 0 0
8576 5411 -1 (0, -1) (0, -1) 0 0
8576 6309 -1 (0, -1) (0, -1) 0 0
8576 7356 -1 (0, -1) (0, -1) 0 0
8576 8576 -1 (0, -1) (0, -1) 0 0
8576 10000 -1 (0, 0) (0, 0) 0 0
10000 100 1 (0, 0) (1, 0) 0 0
10000 116 1 (0, 0) (1, 0) 0 0
10000 135 1 (0, 0) (1, 0) 0 0
10000 158 1 (0, 0) (1, 0) 0 0
10000 184 1 (0, 0) (1, 0) 0 0
10000 215 1 (0, 0) (1, 0) 0 0
10000 251 1 (0, 0) (1, 0) 0 0
10000 292 1 (0, 0) (1, 0) 0 0
10000 341 1 (0, 0) (1, 0) 0 0
10000 398 1 (0, 0) (1, 0) 0 0
10000 464 -1 (0, -1) (0, -1) 0 0
10000 541 -1 (0, -1) (0, -1) 0 0
10000 630 -1 (0, -1) (0, -1) 0 0
10000 735 -1 (0, -1) (0, -1) 0 0
10000 857 -1 (0, -1) (0, -1) 0 0
10000 1000 -1 (0, -1) (0, -1) 0 0
10000 1165 -1 (0, -1) (0, -1) 0 0
10000 1359 -1 (0, -1) (0, -1) 0 0
10000 1584 -1 (0, -1) (0, -1) 0 0
10000 1847 -1 (0, -1) (0, -1) 0 0
10000 2154 -1 (0, -1) (0, -1) 0 0
10000 2511 -1 (0, -1) (0, -1) 0 0
10000 2928 -1 (0, -1) (0, -1) 0 0
10000 3414 -1 (0, -1) (0, -1) 0 0
10000 3981 -1 (0, -1) (0, -1) 0 0
10000 4641 -1 (0, -1) (0, -1) 0 0
10000 5411 -1 (0, -1) (0, -1) 0 0
10000 6309 -1 (0, -1) (0, -1) 0 0
10000 7356 -1 (0, -1) (0, -1) 0 0
10000 8576 -1 (0, -1) (0, -1) 0 0
10000 10000 -1 (0, -1) (0, -1) 0 0
