100 100 -1 5.143728743459427 0.009152693450695325
100 116 -1 4.092170295087655 0.011504646431486293
100 135 1 3.042469596985214 0.015473933553539859
100 158 1 2.101889638375937 0.022398403571174556
100 184 1 1.3531744408247874 0.034791502826286604
100 215 1 0.8211713513892391 0.057331484230139375
100 251 1 0.47711670346758694 0.09867391361537756
100 292 1 0.26933299459031446 0.17479838463173353
100 341 1 0.14936372174514645 0.3151968351641868
100 398 1 0.08197540788573576 0.5743060461258948
100 464 1 0.04472576971762976 1.0526140227354668
100 541 1 0.02432250553653148 1.9356135950592577
100 630 1 0.01320336959712165 3.5656785971270293
100 735 1 0.007160676205614891 6.574654548057684
100 857 -1 0.003881722721231995 12.128370768191374
100 1000 -1 0.0021038663301311544 22.377359106973074
100 1165 -1 0.001140279225978702 41.28723150420152
100 1359 -1 0.0006180983181423017 76.16744941793488
100 1584 -1 0.0003351214225375543 140.48332698617207
100 1847 -1 0.00018175641352513594 259.0223446277654
100 2154 -1 9.862125908455255e-05 477.3714391747058
100 2511 -1 5.354336884977329e-05 879.2680287731602
100 2928 -1 2.9091911699197226e-05 1618.2839020411816
100 3414 -1 1.5822284282762666e-05 2975.4851790713824
100 3981 -1 8.616372113579018e-06 5463.897306410435
100 4641 -1 4.700066469354169e-06 10016.660974772014
100 5411 -1 2.569346989389487e-06 18323.322064646865
100 6309 -1 1.4085034365507454e-06 33424.81896792889
100 7356 -1 7.74933539560152e-07 60752.270974277555
100 8576 -1 4.283436112473282e-07 109909.36049056814
100 10000 -1 2.3817868566311517e-07 197662.407328101
116 100 -1 5.847578064514131 0.008051020758168558
116 116 -1 4.79378598125021 0.009820833171641985
116 135 -1 3.676058975201002 0.012806914334077069
116 158 1 2.6063463048228925 0.01806320683298972
116 184 1 1.703942009878972 0.027629445197937415
116 215 1 1.0373954766412936 0.045381894795646145
116 251 1 0.5991522633950268 0.07857597351906317
116 292 1 0.33462961219052545 0.14068979751740976
116 341 1 0.18340285620548968 0.256697051269833
116 398 1 0.0995684826964407 0.47283006738132544
116 464 1 0.05382762758080162 0.8746246955012701
116 541 1 0.02905668852346821 1.6202456224283828
116 630 1 0.015682499219437318 3.0020069966949805
116 735 1 0.008467586473500432 5.559904528846496
116 857 -1 0.004574748202387013 10.291052162794339
116 1000 -1 0.0024731721653665772 19.03586537229052
116 1165 -1 0.0013378597955693294 35.18976542858127
116 1359 -1 0.0007241368743819976 65.01391387172922
116 1584 -1 0.0003921707259451068 120.0471357696499
116 1847 -1 0.0002125083424289187 221.53940802658937
116 2154 -1 0.00011522300057720258 408.59005707693035
116 2511 -1 6.251691380043667e-05 753.0597644774579
116 2928 -1 3.3947151734992076e-05 1386.831294417148
116 3414 -1 1.845152682733442e-05 2551.4946715775714
116 3981 -1 1.004127371118102e-05 4688.545869434041
116 4641 -1 5.472842701692571e-06 8602.288600009353
116 5411 -1 2.98875214355121e-06 15752.049725500337
116 6309 -1 1.6362936889890989e-06 28771.712987232597
116 7356 -1 8.987506276980639e-07 52382.68651115828
116 8576 -1 4.957039152486686e-07 94973.97727592554
116 10000 -1 2.7486056808356807e-07 171283.1080524457
135 100 -1 6.488711335700721 0.007255519616566563
135 116 -1 5.5047462921551045 0.008552432734185647
135 135 -1 4.391839710947366 0.010719647227803532
135 158 -1 3.2366507425969786 0.014545583112449079
135 184 1 2.1768996971327255 0.021626615339431506
135 215 1 1.3408527642255308 0.03511121700942829
135 251 1 0.7714942698543297 0.061023100523227014
135 292 1 0.425404329412018 0.1106687664591605
135 341 1 0.22952800852795008 0.20511210237194857
135 398 1 0.12276263952836075 0.38349592810390953
135 464 1 0.06552808769285434 0.718454849515595
135 541 1 0.03501319967713812 1.344606400344343
135 630 1 0.018747756327798015 2.5111790210655016
135 735 1 0.01006137374639593 4.679179361494098
135 857 1 0.005410933806444973 8.700711201888767
135 1000 -1 0.0029151537259508586 16.149739193276428
135 1165 -1 0.0015728716241767415 29.931859446606815
135 1359 -1 0.0008496831036950425 55.407683379463045
135 1584 -1 0.00045948280913421513 102.46079166949333
135 1847 -1 0.0002486994454784508 189.30067291402014
135 2154 -1 0.00013472404364733848 349.4474416582318
135 2511 -1 7.304278074116155e-05 644.53970542614
135 2928 -1 3.9636388180497306e-05 1187.7715034988764
135 3414 -1 2.153004646743284e-05 2186.6637609736617
135 3981 -1 1.1708720307979092e-05 4020.8469537300048
135 4641 -1 6.376786728878869e-06 7382.867639152104
135 5411 -1 3.4791971472714067e-06 13531.562136206203
135 6309 -1 1.9026089432827575e-06 24744.42924733888
135 7356 -1 1.0434852413254703e-06 45117.046717990095
135 8576 -1 5.744349778069591e-07 81957.00854107014
135 10000 -1 3.177310645696707e-07 148172.3936756934
158 100 -1 6.978336581471069 0.006746446210035043
158 116 -1 6.129923435051737 0.00768018930109476
158 135 -1 5.11587066056957 0.009202533743723089
158 158 -1 3.9701281392235757 0.011858300470780642
158 184 -1 2.799480227166555 0.016817040508289124
158 215 1 1.7743587598039596 0.026532950071278667
158 251 1 1.0253754272157778 0.04591388786275955
158 292 1 0.5580152812499648 0.08436860775023328
158 341 1 0.295028908404106 0.15957409949105575
158 398 1 0.15459178227953885 0.30453735436780444
158 464 1 0.08106723167495034 0.5807398551758085
158 541 1 0.0427029812475439 1.1024750733327824
158 630 1 0.0226141379192768 2.0818380320517638
158 735 1 0.012035002483059998 3.911837363447238
158 857 1 0.006431686322201813 7.31984895157285
158 1000 -1 0.003448810750683151 13.650784512629128
158 1165 -1 0.0018542833766730382 25.389308330468694
158 1359 -1 0.0009990814666309689 47.12225574674179
158 1584 -1 0.0005392105324801832 87.31092874960602
158 1847 -1 0.0002914173918782126 161.55169078614685
158 2154 -1 0.00015768276909966517 298.56764091108516
158 2511 -1 8.541136452322462e-05 551.2026724454556
158 2928 -1 4.6312208780818764e-05 1016.556403198657
158 3414 -1 2.5138672100410986e-05 1872.7708525879018
158 3981 -1 1.3661800551290071e-05 3446.029841064308
158 4641 -1 7.434982450149619e-06 6332.089241376351
158 5411 -1 4.053097228506886e-06 11615.554655657186
158 6309 -1 2.2141474573800224e-06 21262.799017967147
158 7356 -1 1.2127603383760288e-06 38819.683405425705
158 8576 -1 6.665009664175159e-07 70636.01518159351
158 10000 -1 3.67857097671731e-07 127981.68821640304
184 100 -1 7.245290198343 0.006497872561844573
184 116 -1 6.565283966215972 0.007170896586450206
184 135 -1 5.72525545855224 0.00822303436470927
184 158 -1 4.710678685789219 0.009994095442008875
184 184 -1 3.5518788931586585 0.013254667120856543
184 215 -1 2.382031124745737 0.019764213780976397
184 251 1 1.4118255478630317 0.03334616833763498
184 292 1 0.7629658864304929 0.0617052128014158
184 341 1 0.39369677223413646 0.11958180940944044
184 398 1 0.2006143126900497 0.23467404569060674
184 464 1 0.10261198018199025 0.4588058070696638
184 541 1 0.05297552110553738 0.8886929547823431
184 630 1 0.027622480528776805 1.704371637926145
184 735 1 0.014529489299178522 3.240235868791078
184 857 1 0.007697330524536028 6.116272678215566
184 1000 -1 0.004100831106484293 11.480349021926905
184 1165 -1 0.0021942896862015004 21.455222014879926
184 1359 -1 0.0011780737870026314 39.962668639115755
184 1584 -1 0.0006341312025313073 74.2416903544343
184 1847 -1 0.0003420373836888757 137.6427683859212
184 2154 -1 0.00018479371851753967 254.76500370301218
184 2511 -1 9.997920076898481e-05 470.8876648373754
184 2928 -1 5.416005768665855e-05 869.2563190162837
184 3414 -1 2.937486920018273e-05 1602.695557947251
184 3981 -1 1.5952161675159005e-05 2951.2597315087787
184 4641 -1 8.674974253608525e-06 5426.986986483674
184 5411 -1 4.7252163142275094e-06 9963.347548907077
184 6309 -1 2.5788545769955817e-06 18255.76858903861
184 7356 -1 1.4108658206168911e-06 33368.85173235641
184 8576 -1 7.742241336927691e-07 60807.93704771862
184 10000 -1 4.2649878650991013e-07 110384.77452108874
215 100 -1 7.265696740640493 0.006479622541783134
215 116 -1 6.747314988314869 0.006977438057056277
215 135 -1 6.102712179001173 0.007714434336983557
215 158 -1 5.300519288901313 0.008881954732433937
215 184 -1 4.309745071230083 0.010923841573992952
215 215 -1 3.1523900491783365 0.01493437412501839
215 251 -1 1.995269218675901 0.023595298289449333
215 292 1 1.096619168534687 0.04293101354896226
215 341 1 0.5532855954187426 0.08508982119222472
215 398 1 0.27181807382299894 0.17320030165864184
215 464 1 0.13423112044606 0.3507306817224459
215 541 1 0.06733587496910332 0.6991662676695938
215 630 1 0.034343987390116126 1.3708068270477898
215 735 1 0.017769456700364117 2.649432291390748
215 857 1 0.009299646793067495 5.06244736278692
215 1000 -1 0.004910174185653204 9.588045271382045
215 1165 -1 0.002610045045230436 18.037609147185382
215 1359 -1 0.0013944766852773682 33.761032277890074
215 1584 -1 0.0007479195246560266 62.94657490599183
215 1847 -1 0.0004023354829314485 117.0142191769745
215 2154 -1 0.00021693606529993303 217.01772970448047
215 2511 -1 0.00011719031860479845 401.7309018604093
215 2928 -1 6.340791804859691e-05 742.4778139905536
215 3414 -1 3.435725670897227e-05 1370.2773996539686
215 3981 -1 1.8642173500893477e-05 2525.4014710333
215 4641 -1 1.0129828552862818e-05 4647.558656766138
215 5411 -1 5.5131996248292126e-06 8539.319376427042
215 6309 -1 3.0061943618875375e-06 15660.654872911908
215 7356 -1 1.642898837417306e-06 28656.03852786467
215 8576 -1 9.003589696021663e-07 52289.11353347959
215 10000 -1 4.951488108417834e-07 95080.45127358225
251 100 -1 7.065731161911444 0.006663000799718856
251 116 -1 6.678799816455083 0.007049016840783615
251 135 -1 6.203271792450792 0.007589377663527205
251 158 -1 5.614895086365095 0.008384657532914265
251 184 -1 4.872808501839927 0.009661568347009288
251 215 -1 3.92596926669853 0.011991681336314827
251 251 -1 2.780737684217513 0.016930389604750583
251 292 -1 1.6453373514588634 0.02861356811760889
251 341 1 0.8314848133142618 0.05662036350941839
251 398 1 0.3918567156419783 0.12014333429321215
251 464 1 0.18426587068648814 0.2554948032808259
251 541 1 0.08866575971075008 0.5309712851499586
251 630 1 0.04380155705709399 1.0748241739682542
251 735 1 0.022133644281638 2.127032122833516
251 857 1 0.011385362952410105 4.135043615139953
251 1000 1 0.005936252116043761 7.930756892075931
251 1165 -1 0.003126632596604395 15.057404708677119
251 1359 -1 0.0016593000815419146 28.372789772098347
251 1584 -1 0.0008855837913870346 53.16151090421105
251 1847 -1 0.0004746643139412754 99.18371994621637
251 2154 -1 0.0002552466295924205 184.44503050869034
251 2511 -1 0.00013760752435132417 342.12498629230197
251 2928 -1 7.434012746898588e-05 633.2915208149914
251 3414 -1 4.023188986934656e-05 1170.1904269300746
251 3981 -1 2.1807867710776918e-05 2158.8067667500163
251 4641 -1 1.1839546203873397e-05 3976.4169649519295
251 5411 -1 6.438268002284531e-06 7312.366053371666
251 6309 -1 3.5074993718353653e-06 13422.37514294391
251 7356 -1 1.9149425725117908e-06 24585.057044641224
251 8576 -1 1.0481845720278216e-06 44914.77325537738
251 10000 -1 5.755810548180307e-07 81793.81859136825
292 100 -1 6.700556697212775 0.007026128500934526
292 116 -1 6.4114275227668145 0.007342978176894018
292 135 -1 6.062174050989924 0.007766021230407701
292 158 -1 5.639946618126089 0.00834741453600082
292 184 -1 5.1193978087555365 0.009196193408118584
292 215 -1 4.452589290286056 0.010573392090108946
292 251 -1 3.566397101704524 0.013200709578838954
292 292 -1 2.441479794441335 0.019282966211558224
292 341 -1 1.335034182592608 0.0352642449131812
292 398 1 0.615579395943314 0.07647912307115246
292 464 1 0.2717383379990679 0.17325112359587586
292 541 1 0.1230491917673362 0.382602857493223
292 630 1 0.057983822433584464 0.8119328875970422
292 735 1 0.02830588013137003 1.6632223468733995
292 857 1 0.014203029706322923 3.3147133643926483
292 1000 1 0.007274312059053045 6.471948412472014
292 1165 -1 0.003782373960575569 12.446937524720669
292 1359 -1 0.001988664591124234 23.673661507594733
292 1584 -1 0.0010541865943878292 44.6590505258259
292 1847 -1 0.0005622339764386197 83.73555202164859
292 2154 -1 0.0003012331242757682 156.28750156744138
292 2511 -1 0.00016195954856357275 290.6835243735867
292 2928 -1 8.731763102787227e-05 539.1691440573614
292 3414 -1 4.718123290103904e-05 997.8326018135405
292 3981 -1 2.554303347324094e-05 1843.1237790035652
292 4641 -1 1.3852985716766852e-05 3398.4711559640696
292 5411 -1 7.52614607790747e-06 6255.389132109961
292 6309 -1 4.096427858257812e-06 11492.689243265915
292 7356 -1 2.2342972556543828e-06 21071.04247801883
292 8576 -1 1.2216236200401909e-06 38538.03381835848
292 10000 -1 6.69912537887285e-07 70276.29685942014
341 100 -1 6.230322599218567 0.007556426113203069
341 116 -1 6.011926421311614 0.007830929569517794
341 135 -1 5.7517839455889685 0.00818510792960489
341 158 -1 5.444378698441966 0.008647262615270886
341 184 -1 5.078270420933933 0.009270670618158259
341 215 -1 4.629225005799299 0.010169946875219035
341 251 -1 4.045916652352702 0.011636169606963596
341 292 -1 3.233909106876581 0.014557914532076898
341 341 -1 2.1360883156413593 0.022039806143632667
341 398 -1 1.064942189100293 0.04420800759352828
341 464 1 0.44532270457511913 0.10571877853686415
341 541 1 0.18504213462938424 0.25442298575244804
341 630 1 0.08118827913921223 0.5798740025230593
341 735 1 0.03763135074194679 1.2510572024175728
341 857 1 0.01820423484849698 2.5861549674690907
341 1000 1 0.00908627230660386 5.181329679961012
341 1165 -1 0.004638839067183653 10.148869512517305
341 1359 -1 0.0024072361763955996 19.557271880529242
341 1584 -1 0.0012640814568385395 37.243622337565675
341 1847 -1 0.0006695764693631645 70.31156938234595
341 2154 -1 0.0003569552905560158 131.8903897154214
341 2511 -1 0.00019121419870771206 246.2106511994896
341 2928 -1 0.00010280851944344249 457.9287070495524
341 3414 -1 5.54373214640691e-05 849.2288432969826
341 3981 -1 2.9965070609705435e-05 1571.1283646088225
341 4641 -1 1.62305468620616e-05 2900.6399342255077
341 5411 -1 8.808327322640253e-06 5344.825488195265
341 6309 -1 4.789576905750437e-06 9829.46371022682
341 7356 -1 2.609783848583902e-06 18039.41441662304
341 8576 -1 1.4253961921895097e-06 33028.69240172288
341 10000 -1 7.806823418832209e-07 60304.902335624654
398 100 -1 5.706131851965836 0.00825059315203084
398 116 -1 5.539351721266399 0.008499003990245132
398 135 -1 5.3422963638617205 0.008812497318734108
398 158 -1 5.112864203956121 0.009207944999983892
398 184 -1 4.84669257671635 0.009713628755531785
398 215 -1 4.534346790872462 0.010382746303653552
398 251 -1 4.154413845297512 0.011332277942339392
398 292 -1 3.656338686625304 0.012875987816617428
398 341 -1 2.928614893185113 0.016075508081300535
398 398 -1 1.864045538067046 0.025256342412768383
398 464 -1 0.8341970344717993 0.056436273970002865
398 541 1 0.3152332700012721 0.14934645820291878
398 630 1 0.12410431627165508 0.37935000003837127
398 735 1 0.05307037909301471 0.887104505130831
398 857 1 0.024285364718764413 1.9385738253310312
398 1000 1 0.011667730038254831 4.0349727177486265
398 1165 1 0.005800983101607926 8.115688592398236
398 1359 -1 0.0029547141489842943 15.933511672727514
398 1584 -1 0.0015311307392380513 30.747846134839314
398 1847 -1 0.0008033431886929066 58.60381098023006
398 2154 -1 0.00042532451607257826 110.68953376386311
398 2511 -1 0.00022669541482400746 207.6750093025201
398 2928 -1 0.0001214354321632527 387.6872799293323
398 3414 -1 6.530162499984726e-05 720.9464141592879
398 3981 -1 3.5223589975430514e-05 1336.5750741265542
398 4641 -1 1.904801291630065e-05 2471.5949421750856
398 5411 -1 1.0323844833237672e-05 4560.216967891981
398 6309 -1 5.607323032563727e-06 8395.980061967182
398 7356 -1 3.0521534881700063e-06 15424.837762874682
398 8576 -1 1.66522301014993e-06 28271.87235310638
398 10000 -1 9.109553502639756e-07 51680.87806803252
464 100 -1 5.165867213691001 0.009113469323725913
464 116 -1 5.0376237202101635 0.009345472190298946
464 135 -1 4.886565571109983 0.009634368289407893
464 158 -1 4.711893833724304 0.009991518069753059
464 184 -1 4.512073189055485 0.010434000161302671
464 215 -1 4.283878849458404 0.010989800140675415
464 251 -1 4.020029300404474 0.011711101801590742
464 292 -1 3.702874129099996 0.012714170328511055
464 341 -1 3.286273564647388 0.01432594440367775
464 398 -1 2.648951065946335 0.017772684813864417
464 464 -1 1.6236347080867404 0.02899603719231363
464 541 -1 0.6409501307616665 0.07345184925146761
464 630 1 0.21879074198761828 0.2151780827411731
464 735 1 0.08221740601925376 0.572615637756674
464 857 1 0.03444693760940254 1.3667099501339661
464 1000 1 0.015609491389568575 3.016047813952225
464 1165 1 0.0074611169494573915 6.309909454755055
464 1359 -1 0.003698918574968957 12.727766623737992
464 1584 -1 0.0018809019535979132 25.029998130608902
464 1847 -1 0.0009737366892181853 48.34877118599091
464 2154 -1 0.0005106186926013834 92.19986080526589
464 2511 -1 0.00027027699724158083 174.18786231494923
464 2928 -1 0.00014405145060436553 326.82053658533346
464 3414 -1 7.717589471667452e-05 610.0217244678418
464 3981 -1 4.1513396411119174e-05 1134.0669868631733
464 4641 -1 2.2402202148441575e-05 2101.5332363514744
464 5411 -1 1.212181166465598e-05 3883.8231185924406
464 6309 -1 6.574997428288043e-06 7160.302782760557
464 7356 -1 3.574647791992902e-06 13170.240852223205
464 8576 -1 1.9480999640109076e-06 24166.610159719086
464 10000 -1 1.064460036559467e-06 44228.0318334753
541 100 -1 4.635222436502687 0.01015678816439624
541 116 -1 4.536369391199187 0.010378117018810295
541 135 -1 4.419903644694003 0.01065158342058693
541 158 -1 4.285430997076702 0.010985819726074045
541 184 -1 4.132369261299772 0.01139273124096525
541 215 -1 3.9596653534586324 0.011889634143272364
541 251 -1 3.765076526057726 0.012504120980433048
541 292 -1 3.5433002614682323 0.013286757798760849
541 341 -1 3.2806422994766535 0.014350535073550899
541 398 -1 2.9377849095826605 0.01602532991058981
541 464 -1 2.392534629319698 0.019677446589686766
541 541 -1 1.4124856134066022 0.0333305854130934
541 630 -1 0.4826073213401969 0.09755130164970652
541 735 1 0.14926034450945735 0.31541513948087807
541 857 1 0.05394663576919356 0.8726952424584561
541 1000 1 0.022244337451638785 2.1164474997184506
541 1165 1 0.01000564180856145 4.705242630425837
541 1359 -1 0.004764473617797194 9.88125366180134
541 1584 -1 0.002357150488364823 19.972832712549256
541 1847 -1 0.0011972231876598016 39.32347190371339
541 2154 -1 0.0006194073699816727 76.00647758486855
541 2511 -1 0.0003247157235364284 144.98519464867493
541 2928 -1 0.00017186577247230161 273.928727664502
541 3414 -1 9.161158413917292e-05 513.8975908428106
541 3981 -1 4.909467497782316e-05 958.9425411957752
541 4641 -1 2.6419512892061903e-05 1781.9773049850555
541 5411 -1 1.4265163144955295e-05 3300.2757770115877
541 6309 -1 7.724581564616528e-06 6094.695484615746
541 7356 -1 4.193790118733887e-06 11225.877082429586
541 8576 -1 2.282679815834854e-06 20624.43101123055
541 10000 -1 1.2457749107852578e-06 37790.913892092096
630 100 -1 4.130372759820432 0.01139823815428735
630 116 -1 4.05424363504865 0.011612270159449717
630 135 -1 3.964362940746412 0.011875545475044309
630 158 -1 3.860421262321779 0.012195294032263104
630 184 -1 3.742091975416713 0.012580923368985808
630 215 -1 3.608969515385553 0.013044990316961672
630 251 -1 3.46037530811995 0.013605163657231386
630 292 -1 3.294839854220072 0.01428869822674843
630 341 -1 3.108699448321829 0.015144266329068592
630 398 -1 2.8918715283041934 0.016279759291389306
630 464 -1 2.612814309171995 0.01801849148527275
630 541 -1 2.156818898124129 0.021827967300991676
630 630 -1 1.2279374162206977 0.03833987934606015
630 735 -1 0.3559457024545054 0.1322644775811887
630 857 1 0.10036224739462796 0.469090455869309
630 1000 1 0.035141089815169835 1.3397129295088384
630 1165 1 0.014313420066287108 3.2891490757894477
630 1359 1 0.006402803106539068 7.35286898551253
630 1584 -1 0.0030404647225168446 15.484137024764827
630 1847 -1 0.001502025343143032 31.343660476394007
630 2154 -1 0.0007623065262123419 61.758584983306896
630 2511 -1 0.00039425046225005644 119.41386730081797
630 2928 -1 0.00020665997624291776 227.80885412991424
630 3414 -1 0.00010939174751456449 430.3704205488285
630 3981 -1 5.832535566696606e-05 807.178487710083
630 4641 -1 3.126922194951476e-05 1505.6010174613562
630 5411 -1 1.6836324903124478e-05 2796.273691159138
630 6309 -1 9.097207680497377e-06 5175.101419674352
630 7356 -1 4.930527097712911e-06 9548.466411279347
630 8576 -1 2.679805788829981e-06 17568.05384130816
630 10000 -1 1.4605898286390584e-06 32232.84967435479
735 100 -1 3.6606294462800975 0.012860895393347083
735 116 -1 3.602176549491517 0.013069590492187299
735 135 -1 3.532956933326318 0.013325657026362058
735 158 -1 3.452659275656515 0.01363556859327292
735 184 -1 3.360992798667297 0.01400746005795733
735 215 -1 3.2576931115035848 0.014451629042701674
735 251 -1 3.142488350995592 0.014981430994803528
735 292 -1 3.0149720173104697 0.015615061138912851
735 341 -1 2.874243431960565 0.016379605101959335
735 398 -1 2.7178966797072235 0.01732184035321233
735 464 -1 2.5388396018582853 0.018543500088763102
735 541 -1 2.3130493907059417 0.020353639040991644
735 630 -1 1.9395672953410212 0.024272925458942017
735 735 -1 1.0672712739184362 0.04411153334012837
735 857 -1 0.2572133028540975 0.18303474921403898
735 1000 1 0.06669862472779187 0.7058462235848411
735 1165 1 0.022771806099058267 2.0674237334368195
735 1359 1 0.009189385755803414 5.123190345196075
735 1584 -1 0.00409395132805912 11.49964144901884
735 1847 -1 0.0019402234588596912 24.26471660644886
735 2154 -1 0.0009575372783956482 49.166725353288726
735 2511 -1 0.000485739786540762 96.9222075006278
735 2928 -1 0.00025117733730439795 187.43320113056268
735 3414 -1 0.00013167210431674903 357.5470493671288
735 3981 -1 6.971480479478487e-05 675.3081002090995
735 4641 -1 3.718483560533059e-05 1266.0798848782713
735 5411 -1 1.994605293020868e-05 2360.3152236256415
735 6309 -1 1.0746959333118866e-05 4380.678378239627
735 7356 -1 5.811919891129946e-06 8100.416603171959
735 8576 -1 3.1532939601675025e-06 14930.09309538447
735 10000 -1 1.7160743936983636e-06 27434.109241006197
857 100 -1 3.230570268906547 0.014572960333207437
857 116 -1 3.185874565475274 0.014777409284282691
857 135 -1 3.1327665356638192 0.01502792239589554
857 158 -1 3.0709273665220564 0.015330539203124539
857 184 -1 3.000055128102929 0.015692702424499966
857 215 -1 2.919887142074913 0.016123558922540894
857 251 -1 2.8302118328014103 0.016634434156758686
857 292 -1 2.730853749761536 0.017239653491705823
857 341 -1 2.621594168545471 0.017958146591596606
857 398 -1 2.501929143424661 0.018817068623283355
857 464 -1 2.370363756457948 0.01986149689225963
857 541 -1 2.2221102139685627 0.021186605455691607
857 630 -1 2.039659375371798 0.02308178166946755
857 735 -1 1.7391317459846505 0.027070388710407626
857 857 -1 0.9278531860525163 0.050739678529001395
857 1000 -1 0.18228953517325408 0.25826481118441025
857 1165 1 0.04392765824502476 1.0717387236945768
857 1359 -1 0.014704741453329007 3.2016185073254855
857 1584 -1 0.005892778156635359 7.9892660356478435
857 1847 -1 0.002617502125985993 17.98622125843741
857 2154 -1 0.0012387814595058444 38.00425976765458
857 2511 -1 0.0006109723169629433 77.05581918414454
857 2928 -1 0.0003098629468922809 151.9348242653249
857 3414 -1 0.00016023526620756456 293.8115528290103
857 3981 -1 8.401641616728739e-05 560.3544465485671
857 4641 -1 4.4499562136479653e-05 1057.9648455421584
857 5411 -1 2.374764744672575e-05 1982.4688945727748
857 6309 -1 1.2746805964525265e-05 3693.3936637489082
857 7356 -1 6.873720394651173e-06 6849.125317789936
857 8576 -1 3.7210908203633153e-06 12651.927796220185
857 10000 -1 2.0214188225509133e-06 23290.0633244344
1000 100 -1 2.8416110104392516 0.016567704801769122
1000 116 -1 2.8075926037428616 0.01676844864160577
1000 135 -1 2.7670308649333606 0.017014256320392798
1000 158 -1 2.7196149410143846 0.01731089635978191
1000 184 -1 2.6650382505380605 0.01766540212805926
1000 215 -1 2.6030209962779907 0.018086282227354946
1000 251 -1 2.5333315960301377 0.018583817632160587
1000 292 -1 2.4558016613756877 0.01917051084493597
1000 341 -1 2.3703231408707666 0.01986183721984817
1000 398 -1 2.276801610835321 0.02067767879219915
1000 464 -1 2.1749978684333655 0.021645525756917187
1000 541 -1 2.0640472522161417 0.022809057463130403
1000 630 -1 1.9408436919057976 0.02425696236062449
1000 735 -1 1.7930894111941598 0.026255786291806152
1000 857 -1 1.5545223449831838 0.030285169289685363
1000 1000 -1 0.8072166173030837 0.05832260061705066
1000 1165 -1 0.12692761464450086 0.37091197620213134
1000 1359 -1 0.028740087443793527 1.6380942637869804
1000 1584 -1 0.00947608266176303 4.968189289059591
1000 1847 -1 0.003777903158720619 12.461667333568604
1000 2154 -1 0.0016745429696811698 28.114520340662352
1000 2511 -1 0.0007917756480537719 59.45999033708235
1000 2928 -1 0.000390368948728792 120.60122234548527
1000 3414 -1 0.0001979747069071891 237.80296542873583
1000 3981 -1 0.00010239472476314404 459.7792756542472
1000 4641 -1 5.370758469780412e-05 876.5795864273756
1000 5411 -1 2.8460620910664147e-05 1654.1793845676073
1000 6309 -1 1.519818147244223e-05 3097.671419951085
1000 7356 -1 8.164417181433237e-06 5766.360456136054
1000 8576 -1 4.40704957327398e-06 10682.650966287998
1000 10000 -1 2.388641291872773e-06 19709.519609578107
1165 100 1 2.4931217358903552 0.018883543352367155
1165 116 -1 2.467353120969875 0.019080759856500974
1165 135 -1 2.436522879361007 0.019322195896950136
1165 158 -1 2.400343564531312 0.019613430793023565
1165 184 -1 2.358520882283642 0.019961227706760894
1165 215 -1 2.31077179248976 0.02037370048198865
1165 251 -1 2.2568444218902073 0.020860530715264666
1165 292 -1 2.196538009230835 0.021433260970020785
1165 341 -1 2.129719088705258 0.02210571930922382
1165 398 -1 2.056325971038916 0.022894703002087124
1165 464 -1 1.976343637999264 0.023821248226889538
1165 541 -1 1.88970276437567 0.024913427270118103
1165 630 -1 1.795958583245465 0.026213840798788513
1165 735 -1 1.693182001706873 0.027805027655003856
1165 857 -1 1.573004558847856 0.029929329904102298
1165 1000 -1 1.385290831527982 0.03398490144519767
1165 1165 -1 0.703105830081995 0.06695858627274377
1165 1359 -1 0.08703842601426004 0.5408987103546787
1165 1584 -1 0.01872006127473469 2.514894139046114
1165 1847 -1 0.006101855080487439 7.715517946823072
1165 2154 -1 0.0024235228838733747 19.425841899693893
1165 2511 -1 0.0010726372236149473 43.890862022997155
1165 2928 -1 0.00050688896385509 92.87827461138684
1165 3414 -1 0.0002498806438779866 188.40583909093183
1165 3981 -1 0.00012674409003921028 371.44905429396965
1165 4641 -1 6.557487881764246e-05 717.9421941950753
1165 5411 -1 3.441168541939987e-05 1368.1100419415443
1165 6309 -1 1.8246978697789018e-05 2580.0968566987444
1165 7356 -1 9.751779771249858e-06 4827.731294877305
1165 8576 -1 5.243729901849292e-06 8978.145950235
1165 10000 -1 2.8338367883407045e-06 16613.155907959157
1359 100 1 2.1832050621952703 0.021564155011199564
1359 116 1 2.1637777554930295 0.021757767064061146
1359 135 -1 2.14045753380168 0.021994817294411412
1359 158 -1 2.1129901546652547 0.022280734379414444
1359 184 -1 2.0811073547243666 0.022622077748915455
1359 215 -1 2.0445400163296483 0.023026681799523014
1359 251 -1 2.003033745289315 0.023503833868567397
1359 292 -1 1.956366396878991 0.024064496536804095
1359 341 -1 1.9043662840221032 0.02472159519805276
1359 398 -1 1.8469283649615136 0.025490416020220372
1359 464 -1 1.7840228469752333 0.026389220554117687
1359 541 -1 1.7156839294958672 0.027440352837161553
1359 630 -1 1.6419473526955244 0.028672644287361947
1359 735 -1 1.5626392293620484 0.030127857728001934
1359 857 -1 1.4766278023763562 0.03188276172685465
1359 1000 -1 1.3783781003303375 0.03415533979474253
1359 1165 -1 1.2312999624591612 0.038235177306744916
1359 1359 -1 0.6134945149703981 0.07673902738101257
1359 1584 -1 0.05894375280945496 0.7987101285288813
1359 1847 -1 0.012162752894710138 3.8707497217089815
1359 2154 -1 0.00393055960125821 11.977676758124714
1359 2511 -1 0.0015569171564493445 30.238585391262045
1359 2928 -1 0.0006884133631501754 68.38765036021569
1359 3414 -1 0.00032522819719815743 144.75673631007393
1359 3981 -1 0.00016033918745961273 293.6211236212791
1359 4641 -1 8.13510282569041e-05 578.7139190636955
1359 5411 -1 4.210908173263306e-05 1118.0241991819512
1359 6309 -1 2.2111344605946215e-05 2129.1772717319895
1359 7356 -1 1.1733849305528565e-05 4012.2359812676714
1359 8576 -1 6.276962039919454e-06 7500.279925704076
1359 10000 -1 3.379156851224252e-06 13932.165464695105
1584 100 1 1.9092322397898016 0.024658588620731437
1584 116 1 1.8946536869292885 0.024848325953813984
1584 135 1 1.877097993408313 0.02508072170325613
1584 158 -1 1.8563481625503755 0.02536106821563803
1584 184 -1 1.8321696954745903 0.025695748870150067
1584 215 -1 1.8043195695133534 0.026092369211021833
1584 251 -1 1.7725574250138436 0.02655991378222723
1584 292 -1 1.7366590066615686 0.027108932842789726
1584 341 -1 1.6964315488329476 0.0277517665919395
1584 398 -1 1.6517301948655359 0.028502822391187798
1584 464 -1 1.6024735051937 0.029378939639144723
1584 541 -1 1.548654126435622 0.03039992699388029
1584 630 -1 1.4903361719443637 0.03158949857668215
1584 735 -1 1.427618173838141 0.03297728569526606
1584 857 -1 1.3604962655572308 0.03460426432198388
1584 1000 -1 1.2883655643239535 0.03654162582893793
1584 1165 -1 1.2076677475663473 0.038983381378931745
1584 1359 -1 1.092476985090343 0.043093788725005654
1584 1584 -1 0.5365898844779622 0.0877373460519417
1584 1847 -1 0.03953986360261297 1.1906710871734825
1584 2154 -1 0.0078962560698983 5.9621891647975325
1584 2511 -1 0.002535629137128126 18.56697877976604
1584 2928 -1 0.001002484683340299 46.96228597283533
1584 3414 -1 0.00044300727677182294 106.27132972956349
1584 3981 -1 0.00020928215326421196 224.95454890976157
1584 4641 -1 0.00010320275487174513 456.17941537434365
1584 5411 -1 5.238514131633565e-05 898.7085116010444
1584 6309 -1 2.7132303785037948e-05 1735.1631013499114
1584 7356 -1 1.4258126384447678e-05 3301.9045499390913
1584 8576 -1 7.5735506470664404e-06 6216.2352344801575
1584 10000 -1 4.0560639718023594e-06 11607.058643479504
1847 100 1 1.6682079126759817 0.02822128586292026
1847 116 1 1.657318240013197 0.028406718302961244
1847 135 1 1.6441640608389037 0.028633987023407657
1847 158 1 1.628565407752376 0.028908247810193438
1847 184 -1 1.6103240411876811 0.029235713544766857
1847 215 -1 1.5892292544593545 0.02962377658875298
1847 251 -1 1.5650654477749129 0.03008115248429232
1847 292 -1 1.5376217000717247 0.030618046285518938
1847 341 -1 1.50670340940934 0.03124634356596456
1847 398 -1 1.4721457967253286 0.03197983004613932
1847 464 -1 1.4338286144651988 0.03283444890655518
1847 541 -1 1.3916906473123163 0.033828618790630684
1847 630 -1 1.3457412084918587 0.03498367448758942
1847 735 -1 1.2960627893697847 0.03632460770307796
1847 857 -1 1.2427906094734453 0.03788166085545268
1847 1000 -1 1.1860255180989725 0.039694738151903504
1847 1165 -1 1.1255050802396909 0.04182919580637372
1847 1359 -1 1.0590180105780291 0.044455308514269674
1847 1584 -1 0.9686327720060035 0.0486035304018421
1847 1847 -1 0.47082953024164453 0.0999915454713556
1847 2154 -1 0.02635272330985572 1.7864936321327831
1847 2511 -1 0.005130942078949374 9.175502599330532
1847 2928 -1 0.0016400394620177394 28.70599974740435
1847 3414 -1 0.0006475927705196227 72.69842179466988
1847 3981 -1 0.00028610335289158684 164.55232665607392
1847 4641 -1 0.0001351813486962783 348.26529574127954
1847 5411 -1 6.668917353636061e-05 705.9462561302512
1847 6309 -1 3.387132505849877e-05 1389.9359502796196
1847 7356 -1 1.755676134962414e-05 2681.529437285554
1847 8576 -1 9.234849358108477e-06 5097.968635631032
1847 10000 -1 4.910890083920094e-06 9586.64754818414
2154 100 1 1.457014192005019 0.03231195182637742
2154 116 1 1.4489179241744239 0.03249250464565785
2154 135 1 1.43910803576685 0.032713994510723196
2154 158 1 1.427438747342734 0.03298143088104819
2154 184 1 1.4137469556949611 0.03330084792951621
2154 215 -1 1.3978557937168716 0.03367942000457165
2154 251 -1 1.3795795056595352 0.03412559565380564
2154 292 -1 1.3587299069636174 0.03464925011301383
2154 341 -1 1.335124638191303 0.03526185573669917
2154 398 -1 1.3085972987552736 0.035976669390343004
2154 464 -1 1.279009331298937 0.036808935814879394
2154 541 -1 1.2462631819834087 0.03777610785828474
2154 630 -1 1.2103157074182036 0.03889809253392352
2154 735 -1 1.171189828242973 0.040197559137823635
2154 857 -1 1.128980378756637 0.04170043454099988
2154 1000 -1 1.0838445515257717 0.04343701531380991
2154 1165 -1 1.0359480235219962 0.045445303541731964
2154 1359 -1 0.9852503653926306 0.04778376546316026
2154 1584 -1 0.9304463252972255 0.05059826784460168
2154 1847 -1 0.8593831273110482 0.05478228613787348
2154 2154 -1 0.41487681177341074 0.11347699135358534
2154 2511 -1 0.017503728066003532 2.689654009985057
2154 2928 -1 0.0033426835652790032 14.084184596900327
2154 3414 -1 0.0010649329892657988 44.20838950145795
2154 3981 -1 0.00042018651038233656 112.04303617357026
2154 4641 -1 0.00018563830099083134 253.60592146735723
2154 5411 -1 8.77439074429276e-05 536.5497588882348
2154 6309 -1 4.331190575612709e-05 1086.9753145358745
2154 7356 -1 2.2014844489604002e-05 2138.5103312742604
2154 8576 -1 1.1421877843531547e-05 4121.824189275166
2154 10000 -1 6.014735845383257e-06 7827.27181918569
2511 100 1 1.272569904327142 0.03699519548775351
2511 116 1 1.2665799944413862 0.037170153159712706
2511 135 1 1.259299728352687 0.03738504132292577
2511 158 1 1.2506133514353905 0.0376447063581878
2511 184 1 1.24038966646728 0.0379549859654174
2511 215 -1 1.2284840868832987 0.03832281824818356
2511 251 -1 1.2147416190977935 0.03875636731487033
2511 292 -1 1.1990010224261596 0.03926516450098669
2511 341 -1 1.1811003849949202 0.039860263344691796
2511 398 -1 1.1608843088372964 0.040554404968714874
2511 464 -1 1.1382128011196073 0.04136218845553748
2511 541 -1 1.1129718017543837 0.04230023825240095
2511 630 -1 1.0850850146127868 0.043387358362159796
2511 735 -1 1.0545263024579299 0.04464466393363631
2511 857 -1 1.0213312275523094 0.04609569463105752
2511 1000 -1 0.9856049507984608 0.047766574573590195
2511 1165 -1 0.9475200721542478 0.04968651722108359
2511 1359 -1 0.9072853444331486 0.051889929305348005
2511 1584 -1 0.8650083051368256 0.05442603510606468
2511 1847 -1 0.8199943524653008 0.057413776376474004
2511 2154 -1 0.7641658964789713 0.061608313848261265
2511 2511 -1 0.36762040338135193 0.12806408988561194
2511 2928 -1 0.011622344578881894 4.050729356962805
2511 3414 -1 0.002187422719089227 21.522576304783275
2511 3981 -1 0.0006953048618925095 67.70982767799566
2511 4641 -1 0.00027424756126492866 171.66596547028234
2511 5411 -1 0.00012119271923438646 388.46370210873613
2511 6309 -1 5.731431974709267e-05 821.4172756504282
2511 7356 -1 2.8312758331594523e-05 1662.8182895863747
2511 8576 -1 1.4404627108888235e-05 3268.3228817054746
2511 10000 -1 7.482055480068084e-06 6292.251174537666
2928 100 1 1.1119304397941647 0.042339853913100384
2928 116 1 1.1075227707576119 0.042508356148930074
2928 135 1 1.1021481897778926 0.04271564642491664
2928 158 1 1.0957163792710674 0.04296638552919507
2928 184 1 1.088123844691836 0.04326618942510857
2928 215 1 1.0792550052613592 0.043621731799162206
2928 251 -1 1.0689839149617342 0.04404086134832034
2928 292 -1 1.0571768198499853 0.04453273236646919
2928 341 -1 1.043695770679392 0.0451079459216055
2928 398 -1 1.0284035051414548 0.045778696928827335
2928 464 -1 1.011169781445119 0.04655891942808181
2928 541 -1 0.9918792722903618 0.047464417996863364
2928 630 -1 0.9704410020835894 0.04851296707510635
2928 735 -1 0.9467991147736257 0.049724351921971006
2928 857 -1 0.920944468783091 0.05112031613005198
2928 1000 -1 0.8929260971164013 0.05272437722948219
2928 1165 -1 0.8628606892455082 0.05456149870911445
2928 1359 -1 0.8309359443346693 0.0566577636981519
2928 1584 -1 0.7973954849510392 0.0590409317219862
2928 1847 -1 0.7624549417803337 0.061746563373941694
2928 2154 -1 0.7258442250699773 0.06486098636091729
2928 2511 -1 0.6823272582701065 0.06899764271732743
2928 2928 -1 0.3281854988467785 0.14345232360310464
2928 3414 -1 0.007740244277556485 6.082362609526936
2928 3981 -1 0.0014411291072065069 32.668115678873875
2928 4641 -1 0.00045741426720269374 102.92414504323342
2928 5411 -1 0.00018041541261482053 260.9476191644782
2928 6309 -1 7.976531924214214e-05 590.2185665363866
2928 7356 -1 3.775056620725081e-05 1247.1063910392913
2928 8576 -1 1.8666250980459154e-05 2522.1439715826828
2928 10000 -1 9.507820323051419e-06 4951.605182133371
3414 100 1 0.97234629165321 0.04841790706309933
3414 116 1 0.9691230954428107 0.04857893966597
3414 135 1 0.965178975607671 0.048777453272615845
3414 158 1 0.9604445906980175 0.04901789529388576
3414 184 1 0.9548397252373775 0.04930562809450596
3414 215 1 0.9482737975555438 0.04964702441823697
3414 251 -1 0.9406467810004244 0.050049575816698784
3414 292 -1 0.9318506991305071 0.05052201219180595
3414 341 -1 0.9217718770961483 0.051074429099233286
3414 398 -1 0.9102941458277769 0.051718417171191515
3414 464 -1 0.8973031965298333 0.05246718451966323
3414 541 -1 0.8826922624721192 0.053335657718990626
3414 630 -1 0.86636925455241 0.054340539135055856
3414 735 -1 0.8482653882809927 0.055500286859304485
3414 857 -1 0.8283452056487022 0.05683496694538771
3414 1000 -1 0.8066177068658362 0.0583659049159021
3414 1165 -1 0.7831480336417371 0.0601150361873364
3414 1359 -1 0.7580686502863045 0.06210383764667459
3414 1584 -1 0.7315876434820439 0.06435178724224844
3414 1847 -1 0.7039867596404292 0.06687479805225402
3414 2154 -1 0.6755771962921244 0.069687035975763
3414 2511 -1 0.6464113631400323 0.07283128835130896
3414 2928 -1 0.6132551236055406 0.07676898336473849
3414 3414 -1 0.2959700678311492 0.1590666675431278
3414 3981 -1 0.0051903026892432536 9.070563934543577
3414 4641 -1 0.0009587890617694939 49.102533872808024
3414 5411 -1 0.0003040702499674808 154.8292619467025
3414 6309 -1 0.00011996871035080403 392.4270940710238
3414 7356 -1 5.307808805810055e-05 886.975663684054
3414 8576 -1 2.514444759071921e-05 1872.340691222471
3414 10000 -1 1.2447725566744339e-05 3782.134505615368
3981 100 1 0.8512931941266544 0.05530288824958002
3981 116 1 0.8489539737726375 0.05545527064700784
3981 135 1 0.8460801392236306 0.05564363255898478
3981 158 1 0.8426192884813872 0.05587217504510561
3981 184 1 0.838510288196403 0.056145968684151844
3981 215 1 0.8336834517440366 0.056471040997547475
3981 251 1 0.8280609808769555 0.05685447505636065
3981 292 -1 0.8215577913726975 0.05730451695157394
3981 341 -1 0.8140828659693966 0.05783068818965195
3981 398 -1 0.8055412994604012 0.0584438965624117
3981 464 -1 0.7958372175968975 0.059156535207757203
3981 541 -1 0.7848777588352505 0.05998255378299806
3981 630 -1 0.7725783006154643 0.06093747694558538
3981 735 -1 0.7588690847617272 0.062038332207453716
3981 857 -1 0.7437033470075676 0.06330342948145337
3981 1000 -1 0.727066985646843 0.06475190499886344
3981 1165 -1 0.7089897224570905 0.06640289822433033
3981 1359 -1 0.6895576237902787 0.06827416702847296
3981 1584 -1 0.6689267253043454 0.07037986464211697
3981 1847 -1 0.6473370422520475 0.07272714105565382
3981 2154 -1 0.6251237560054506 0.07531144342241874
3981 2511 -1 0.6027075566144049 0.07811246410592822
3981 2928 -1 0.5804345574460967 0.08110987152377892
3981 3414 -1 0.5565613042463156 0.08458901476481161
3981 3981 -1 0.27073547036570744 0.17389288636180725
3981 4641 -1 0.00352196657058812 13.367239989036257
3981 5411 -1 0.0006469747131632175 72.76787086814227
3981 6309 -1 0.00020512380797299556 229.51491027610174
3981 7356 -1 8.09784446573758e-05 581.3765944950915
3981 8576 -1 3.5861824017047184e-05 1312.788004314422
3981 10000 -1 1.700930579318083e-05 2767.836204184697
4641 100 1 0.7464830693741078 0.06306770282397424
4641 116 1 0.744801729940221 0.06321007388931955
4641 135 1 0.7427263871496734 0.0633866969007082
4641 158 1 0.7402180934237208 0.06360148826497966
4641 184 1 0.7372310568035232 0.06385918220339058
4641 215 1 0.7337126508994061 0.0641654090667561
4641 251 1 0.7296035894152908 0.06452678285223871
4641 292 1 0.7248383534640652 0.06495099515280878
4641 341 -1 0.7193459806837836 0.06544691100889011
4641 398 -1 0.7130513477034697 0.06602465942185232
4641 464 -1 0.7058771002441517 0.06669570717923916
4641 541 -1 0.6977464058786609 0.06747289844241992
4641 630 -1 0.6885867205087379 0.06837043320793607
4641 735 -1 0.6783347685601484 0.06940374364466896
4641 857 -1 0.6669429382050112 0.07058920589086862
4641 1000 -1 0.6543872910949631 0.07194359215570768
4641 1165 -1 0.6406773956700818 0.07348311755743263
4641 1359 -1 0.6258682464656431 0.07522185803206231
4641 1584 -1 0.6100746878553309 0.07716919472256223
4641 1847 -1 0.5934891031190546 0.07932575701052139
4641 2154 -1 0.5764036834807484 0.08167708453581872
4641 2511 -1 0.5592387063702517 0.08418403777517701
4641 2928 -1 0.5425720633065794 0.0867699897696585
4641 3414 -1 0.5270974793124878 0.08931739238028831
4641 3981 -1 0.5123600640554287 0.09188649874421366
4641 4641 -1 0.2528260335102459 0.18621093614754863
4641 5411 -1 0.0024361139185202774 19.325439596441647
4641 6309 -1 0.00044580713438335806 105.60390077097846
4641 7356 -1 0.00014137132984615164 333.0164074543857
4641 8576 -1 5.586103088717209e-05 842.7873892535982
4641 10000 -1 2.476926692907e-05 1900.7010791732803
5411 100 1 0.655862338749742 0.07178178956297467
5411 116 1 0.6546693725093746 0.07191259337817921
5411 135 1 0.6531882069686219 0.07207566193043041
5411 158 1 0.651390438442462 0.07227458311329348
5411 184 1 0.6492424193967281 0.07251370362731363
5411 215 1 0.6467051987133345 0.07279819688488867
5411 251 1 0.6437345639362491 0.07313413791942473
5411 292 1 0.6402812494735031 0.07352858204285531
5411 341 -1 0.6362913923302926 0.07398964208834709
5411 398 -1 0.6317073376345661 0.07452655617188497
5411 464 -1 0.6264689197012672 0.07514973353325186
5411 541 -1 0.6205153701024528 0.07587075945377666
5411 630 -1 0.6137880315201301 0.07670233038890784
5411 735 -1 0.6062340848093299 0.07765807558844447
5411 857 -1 0.5978115282947556 0.07875219890239676
5411 1000 -1 0.5884956888570514 0.07999883987909742
5411 1165 -1 0.5782876096327527 0.08141099964481749
5411 1359 -1 0.5672247844995582 0.08299879284003864
5411 1584 -1 0.5553949682016537 0.0847666527027679
5411 1847 -1 0.5429543288266814 0.08670889959409947
5411 2154 -1 0.5301523096413803 0.08880272994426983
5411 2511 -1 0.5173677559996577 0.09099711343906318
5411 2928 -1 0.5051649139804795 0.09319525382602802
5411 3414 -1 0.4943829117628411 0.09522775011487147
5411 3981 -1 0.4862483259998953 0.09682084207817819
5411 4641 -1 0.48179475043980347 0.09771582679022268
5411 5411 -1 0.24373926560383552 0.19315300825979662
5411 6309 -1 0.0017382749556418275 27.083731621175723
5411 7356 -1 0.0003173490813423996 148.35074418135514
5411 8576 -1 0.00010070173266285565 467.5090600479778
5411 10000 -1 3.9841068428358994e-05 1181.6694240283832
6309 100 1 0.5776022365041342 0.08150760057189876
6309 116 1 0.5767709609342546 0.08162507402618847
6309 135 1 0.5757309004707167 0.0817725300898783
6309 158 1 0.5744618237636985 0.08195317849664466
6309 184 1 0.5729395767359904 0.08217092044962415
6309 215 1 0.5711360097088232 0.08243040463586987
6309 251 1 0.5690189688643841 0.08273708779229619
6309 292 1 0.5665523985902041 0.08309729603045475
6309 341 1 0.5636966156531003 0.08351828106661344
6309 398 -1 0.5604088340481326 0.0840082624007509
6309 464 -1 0.5566440412288216 0.08457644184690277
6309 541 -1 0.5523563527318629 0.08523296989266008
6309 630 -1 0.5475010037199581 0.08598883301133613
6309 735 -1 0.5420371741654435 0.08685561549334747
6309 857 -1 0.5359318926923606 0.0878450658084627
6309 1000 -1 0.5291653302002715 0.08896836148467355
6309 1165 -1 0.5217378951899718 0.09023491070218755
6309 1359 -1 0.5136797140846738 0.09165044110473475
6309 1584 -1 0.5050633962546272 0.09321398606894801
6309 1847 -1 0.496021599308051 0.09491314984688057
6309 2154 -1 0.48677215019188225 0.0967166514433009
6309 2511 -1 0.4776560468230855 0.09856249637273308
6309 2928 -1 0.46919916435626874 0.10033899452273265
6309 3414 -1 0.4622207061579502 0.10185388009494872
6309 3981 -1 0.4580391055455948 0.10278374010519498
6309 4641 -1 0.4588779702799002 0.10259584340842905
6309 5411 -1 0.4682786156445218 0.10053624233431328
6309 6309 -1 0.24785214541952882 0.18994781063010693
6309 7356 -1 0.0013086260405543726 35.975879222509086
6309 8576 -1 0.00023863045771577163 197.28819545109903
6309 10000 -1 7.580926830996759e-05 621.0186885054571
7356 100 1 0.5100843773938522 0.0922964404888316
7356 116 1 0.5095203806951645 0.09239860497470613
7356 135 1 0.5088070835369933 0.09252813867122875
7356 158 1 0.5079305307741322 0.09268781758533348
7356 184 1 0.5068739129006872 0.09288103250963453
7356 215 1 0.5056175098625317 0.09311183150127517
7356 251 1 0.5041386779926711 0.09338496417269296
7356 292 1 0.5024119145297732 0.09370592340843953
7356 341 1 0.5004090458462542 0.09408097789838704
7356 398 -1 0.49809960064101233 0.09451718556254152
7356 464 -1 0.4954514487943129 0.09502237302359623
7356 541 -1 0.49243181147676296 0.0956050589851788
7356 630 -1 0.48900878007270876 0.09627428852180203
7356 735 -1 0.48515352324852756 0.09703932905027558
7356 857 -1 0.48084341788921847 0.09790915427121624
7356 1000 -1 0.47606641994548227 0.09889160505755841
7356 1165 -1 0.4708271137094471 0.09999205868051896
7356 1359 -1 0.465155079393071 0.10121134750123009
7356 1584 -1 0.4591165737363099 0.10254252422055633
7356 1847 -1 0.4528311813394339 0.1039658361051
7356 2154 -1 0.44649639531053253 0.10544087897881364
7356 2511 -1 0.440425758452875 0.10689423013720431
7356 2928 -1 0.4351119706961981 0.10819967170079457
7356 3414 -1 0.4313396379293408 0.10914594496443325
7356 3981 -1 0.4304053066616689 0.1093828808654119
7356 4641 -1 0.43459271151914436 0.10832895061182013
7356 5411 -1 0.44832563260933966 0.10501066403097654
7356 6309 -1 0.48115548507303174 0.09784565248231256
7356 7356 -1 0.27927442794953095 0.16857602297523017
7356 8576 -1 0.0010941599621219211 43.02750421530087
7356 10000 -1 0.00019950794376200065 235.97542781843504
8576 100 1 0.4518838274623391 0.10418379574856114
8576 116 1 0.4515169243019841 0.10426845561812648
8576 135 1 0.4510452032866681 0.1043775037166124
8576 158 1 0.4504594919576448 0.10451322088433442
8576 184 1 0.4497486138863849 0.10467841573894757
8576 215 1 0.448899362668044 0.1048764518234096
8576 251 1 0.44789650821925875 0.10511127351626467
8576 292 1 0.44672286172209397 0.1053874256645996
8576 341 1 0.445359435071623 0.10571005950473042
8576 398 1 0.4437857434510306 0.10608491389631428
8576 464 -1 0.4419803167124883 0.10651825568295531
8576 541 -1 0.43992150804308494 0.1070167553112761
8576 630 -1 0.4375887191357606 0.10758726247649973
8576 735 -1 0.4349642032295833 0.10823642964836147
8576 857 -1 0.43203566681097527 0.10897010594037933
8576 1000 -1 0.42879997799025205 0.10979238525866866
8576 1165 -1 0.42526842415077226 0.1107041334574214
8576 1359 -1 0.4214741812941156 0.11170072681050294
8576 1584 -1 0.4174830377817216 0.11276858727618379
8576 1847 -1 0.4134091105436255 0.11387986181655839
8576 2154 -1 0.40943863183747453 0.11498419719491013
8576 2511 -1 0.405867606400534 0.11599588545619008
8576 2928 -1 0.4031649938792725 0.11677346271911734
8576 3414 -1 0.40208655260857995 0.11708666225464259
8576 3981 -1 0.40389827092485575 0.11656146057424772
8576 4641 -1 0.4108627979303492 0.11458562960571422
8576 5411 -1 0.42744774456787127 0.11013971410706333
8576 6309 -1 0.4639204589639121 0.10148069884125681
8576 7356 -1 0.550287187745198 0.08555345904984722
8576 8576 -1 0.4084756229804043 0.11525528020229717
8576 10000 -1 0.0012005740900349338 39.21371681529835
10000 100 1 0.4017512053456471 0.11718439610382732
10000 116 1 0.40152933850434636 0.11724914686876553
10000 135 1 0.40123587541157235 0.117334902653265
10000 158 1 0.40086526397561784 0.11744338213669198
10000 184 1 0.4004106166457291 0.11757673354617469
10000 215 1 0.39986371859353653 0.11773754455144857
10000 251 1 0.39921506368131077 0.11792884754468344
10000 292 1 0.3984539392471902 0.11815411455427437
10000 341 1 0.39756858867508527 0.11841723346229921
10000 398 1 0.3965464916302608 0.11872245342246207
10000 464 -1 0.39537481685908915 0.11907428185845546
10000 541 -1 0.3940411231884582 0.11947730734666982
10000 630 -1 0.3925344133035651 0.11993591080638845
10000 735 -1 0.39084668596342453 0.12045380982664916
10000 857 -1 0.3889751920406752 0.12103335468625806
10000 1000 -1 0.38692568959368145 0.1216744549369492
10000 1165 -1 0.38471713365333926 0.12237295473519591
10000 1359 -1 0.3823884665869173 0.12311818084532447
10000 1584 -1 0.38000857093652485 0.12388923825162423
10000 1847 -1 0.3776911637194189 0.12464938792528558
10000 2154 -1 0.37561777869586876 0.1253374442122278
10000 2511 -1 0.37407473802659297 0.1258544552641444
10000 2928 -1 0.3735159110051427 0.12604274943930355
10000 3414 -1 0.3746766064195981 0.12565228673415207
10000 3981 -1 0.37879791620343894 0.12428519368393233
10000 4641 -1 0.3881160357477711 0.12130128117924525
10000 5411 -1 0.40708037071090075 0.11565031322978919
10000 6309 -1 0.4459994709595776 0.10555835925348286
10000 7356 -1 0.535585555160651 0.0879018710060111
10000 8576 -1 0.8279258893708175 0.056863751921312766
10000 10000 -1 7.699226611637641 0.006114766424883887
