1000  100  1000012  1000014  47.3891923  47.3891923
1000  105  1000012  1000014  56.1953651  56.1953651
1000  111  1000012  1000014  64.7011526  64.7011526
1000  117  1000012  1000014  73.1064729  73.1064729
1000  124  1000012  1000014  81.5373544  81.5373544
1000  130  1000012  1000014  90.0824792  90.0824792
1000  138  1000012  1000014  98.8096973  98.8096973
1000  145  1000012  1000014  107.774479  107.774479
1000  153  1000012  1000014  117.024655  117.024655
1000  162  1000012  1000014  126.603267  126.603267
1000  171  1000012  1000014  136.55039  136.55039
1000  180  1000012  1000014  146.90435  146.90435
1000  190  1000012  1000014  157.702578  157.702578
1000  200  1000012  1000014  168.982233  168.982233
1000  212  1000012  1000014  180.780682  180.780682
1000  223  1000012  1000014  193.135868  193.135868
1000  236  1000012  1000014  206.086623  206.086623
1000  249  1000012  1000014  219.672923  219.672923
1000  262  1000012  1000014  233.936118  233.936118
1000  277  1000012  1000014  248.919142  248.919142
1000  292  1000012  1000014  264.6667  264.6667
1000  308  1000012  1000014  281.225453  281.225453
1000  325  1000012  1000014  298.644195  298.644195
1000  343  1000012  1000014  316.97403  316.97403
1000  362  1000012  1000014  336.268542  336.268542
1000  382  1000012  1000014  356.583977  356.583977
1000  403  1000012  1000014  377.97942  377.97942
1000  425  1000012  1000014  400.516982  400.516982
1000  449  1000012  1000014  424.261992  424.261992
1000  473  1000012  1000014  449.283195  449.283195
1000  500  1000012  1000014  475.652957  475.652957
100  100  1000012  1000014  47.3891923  47.3891923
100  105  1000012  1000014  47.3891923  47.3891923
100  111  1000012  1000014  47.3891923  47.3891923
100  117  1000012  1000014  47.3891923  47.3891923
100  124  1000012  1000014  47.3891923  47.3891923
100  130  1000012  1000014  47.3891923  47.3891923
100  138  1000012  1000014  47.3891923  47.3891923
100  145  1000012  1000014  47.3891923  47.3891923
100  153  1000012  1000014  47.3891923  47.3891923
100  162  1000012  1000014  47.3891923  47.3891923
100  171  1000012  1000014  47.3891923  47.3891923
100  180  1000012  1000014  47.3891923  47.3891923
100  190  1000012  1000014  47.3891923  47.3891923
100  200  1000012  1000014  47.3891923  47.3891923
100  212  1000012  1000014  47.3891923  47.3891923
100  223  1000012  1000014  47.3891923  47.3891923
100  236  1000012  1000014  47.3891923  47.3891923
100  249  1000012  1000014  47.3891923  47.3891923
100  262  1000012  1000014  47.3891923  47.3891923
100  277  1000012  1000014  47.3891923  47.3891923
100  292  1000012  1000014  47.3891923  47.3891923
100  308  1000012  1000014  47.3891923  47.3891923
100  325  1000012  1000014  47.3891923  47.3891923
100  343  1000012  1000014  47.3891923  47.3891923
100  362  1000012  1000014  47.3891923  47.3891923
100  382  1000012  1000014  47.3891923  47.3891923
100  403  1000012  1000014  47.3891923  47.3891923
100  425  1000012  1000014  47.3891923  47.3891923
100  449  1000012  1000014  47.3891923  47.3891923
100  473  1000012  1000014  47.3891923  47.3891923
100  500  1000012  1000014  47.3891923  47.3891923
108  100  1000012  1000014  47.3891923  47.3891923
108  105  1000012  1000014  56.1953651  56.1953651
108  111  1000012  1000014  59.8813736  59.8813736
108  117  1000012  1000014  59.8813736  59.8813736
108  124  1000012  1000014  59.8813736  59.8813736
108  130  1000012  1000014  59.8813736  59.8813736
108  138  1000012  1000014  59.8813736  59.8813736
108  145  1000012  1000014  59.8813736  59.8813736
108  153  1000012  1000014  59.8813736  59.8813736
108  162  1000012  1000014  59.8813736  59.8813736
108  171  1000012  1000014  59.8813736  59.8813736
108  180  1000012  1000014  59.8813736  59.8813736
108  190  1000012  1000014  59.8813736  59.8813736
108  200  1000012  1000014  59.8813736  59.8813736
108  212  1000012  1000014  59.8813736  59.8813736
108  223  1000012  1000014  59.8813736  59.8813736
108  236  1000012  1000014  59.8813736  59.8813736
108  249  1000012  1000014  59.8813736  59.8813736
108  262  1000012  1000014  59.8813736  59.8813736
108  277  1000012  1000014  59.8813736  59.8813736
108  292  1000012  1000014  59.8813736  59.8813736
108  308  1000012  1000014  59.8813736  59.8813736
108  325  1000012  1000014  59.8813736  59.8813736
108  343  1000012  1000014  59.8813736  59.8813736
108  362  1000012  1000014  59.8813736  59.8813736
108  382  1000012  1000014  59.8813736  59.8813736
108  403  1000012  1000014  59.8813736  59.8813736
108  425  1000012  1000014  59.8813736  59.8813736
108  449  1000012  1000014  59.8813736  59.8813736
108  473  1000012  1000014  59.8813736  59.8813736
108  500  1000012  1000014  59.8813736  59.8813736
116  100  1000012  1000014  47.3891923  47.3891923
116  105  1000012  1000014  56.1953651  56.1953651
116  111  1000012  1000014  64.7011526  64.7011526
116  117  1000012  1000014  71.9419339  71.9419339
116  124  1000012  1000014  71.9419339  71.9419339
116  130  1000012  1000014  71.9419339  71.9419339
116  138  1000012  1000014  71.9419339  71.9419339
116  145  1000012  1000014  71.9419339  71.9419339
116  153  1000012  1000014  71.9419339  71.9419339
116  162  1000012  1000014  71.9419339  71.9419339
116  171  1000012  1000014  71.9419339  71.9419339
116  180  1000012  1000014  71.9419339  71.9419339
116  190  1000012  1000014  71.9419339  71.9419339
116  200  1000012  1000014  71.9419339  71.9419339
116  212  1000012  1000014  71.9419339  71.9419339
116  223  1000012  1000014  71.9419339  71.9419339
116  236  1000012  1000014  71.9419339  71.9419339
116  249  1000012  1000014  71.9419339  71.9419339
116  262  1000012  1000014  71.9419339  71.9419339
116  277  1000012  1000014  71.9419339  71.9419339
116  292  1000012  1000014  71.9419339  71.9419339
116  308  1000012  1000014  71.9419339  71.9419339
116  325  1000012  1000014  71.9419339  71.9419339
116  343  1000012  1000014  71.9419339  71.9419339
116  362  1000012  1000014  71.9419339  71.9419339
116  382  1000012  1000014  71.9419339  71.9419339
116  403  1000012  1000014  71.9419339  71.9419339
116  425  1000012  1000014  71.9419339  71.9419339
116  449  1000012  1000014  71.9419339  71.9419339
116  473  1000012  1000014  71.9419339  71.9419339
116  500  1000012  1000014  71.9419339  71.9419339
125  100  1000012  1000014  47.3891923  47.3891923
125  105  1000012  1000014  56.1953651  56.1953651
125  111  1000012  1000014  64.7011526  64.7011526
125  117  1000012  1000014  73.1064729  73.1064729
125  124  1000012  1000014  81.5373544  81.5373544
125  130  1000012  1000014  84.0176518  84.0176518
125  138  1000012  1000014  84.0176518  84.0176518
125  145  1000012  1000014  84.0176518  84.0176518
125  153  1000012  1000014  84.0176518  84.0176518
125  162  1000012  1000014  84.0176518  84.0176518
125  171  1000012  1000014  84.0176518  84.0176518
125  180  1000012  1000014  84.0176518  84.0176518
125  190  1000012  1000014  84.0176518  84.0176518
125  200  1000012  1000014  84.0176518  84.0176518
125  212  1000012  1000014  84.0176518  84.0176518
125  223  1000012  1000014  84.0176518  84.0176518
125  236  1000012  1000014  84.0176518  84.0176518
125  249  1000012  1000014  84.0176518  84.0176518
125  262  1000012  1000014  84.0176518  84.0176518
125  277  1000012  1000014  84.0176518  84.0176518
125  292  1000012  1000014  84.0176518  84.0176518
125  308  1000012  1000014  84.0176518  84.0176518
125  325  1000012  1000014  84.0176518  84.0176518
125  343  1000012  1000014  84.0176518  84.0176518
125  362  1000012  1000014  84.0176518  84.0176518
125  382  1000012  1000014  84.0176518  84.0176518
125  403  1000012  1000014  84.0176518  84.0176518
125  425  1000012  1000014  84.0176518  84.0176518
125  449  1000012  1000014  84.0176518  84.0176518
125  473  1000012  1000014  84.0176518  84.0176518
125  500  1000012  1000014  84.0176518  84.0176518
136  100  1000012  1000014  47.3891923  47.3891923
136  105  1000012  1000014  56.1953651  56.1953651
136  111  1000012  1000014  64.7011526  64.7011526
136  117  1000012  1000014  73.1064729  73.1064729
136  124  1000012  1000014  81.5373544  81.5373544
136  130  1000012  1000014  90.0824792  90.0824792
136  138  1000012  1000014  96.3680858  96.3680858
136  145  1000012  1000014  96.3680858  96.3680858
136  153  1000012  1000014  96.3680858  96.3680858
136  162  1000012  1000014  96.3680858  96.3680858
136  171  1000012  1000014  96.3680858  96.3680858
136  180  1000012  1000014  96.3680858  96.3680858
136  190  1000012  1000014  96.3680858  96.3680858
136  200  1000012  1000014  96.3680858  96.3680858
136  212  1000012  1000014  96.3680858  96.3680858
136  223  1000012  1000014  96.3680858  96.3680858
136  236  1000012  1000014  96.3680858  96.3680858
136  249  1000012  1000014  96.3680858  96.3680858
136  262  1000012  1000014  96.3680858  96.3680858
136  277  1000012  1000014  96.3680858  96.3680858
136  292  1000012  1000014  96.3680858  96.3680858
136  308  1000012  1000014  96.3680858  96.3680858
136  325  1000012  1000014  96.3680858  96.3680858
136  343  1000012  1000014  96.3680858  96.3680858
136  362  1000012  1000014  96.3680858  96.3680858
136  382  1000012  1000014  96.3680858  96.3680858
136  403  1000012  1000014  96.3680858  96.3680858
136  425  1000012  1000014  96.3680858  96.3680858
136  449  1000012  1000014  96.3680858  96.3680858
136  473  1000012  1000014  96.3680858  96.3680858
136  500  1000012  1000014  96.3680858  96.3680858
146  100  1000012  1000014  47.3891923  47.3891923
146  105  1000012  1000014  56.1953651  56.1953651
146  111  1000012  1000014  64.7011526  64.7011526
146  117  1000012  1000014  73.1064729  73.1064729
146  124  1000012  1000014  81.5373544  81.5373544
146  130  1000012  1000014  90.0824792  90.0824792
146  138  1000012  1000014  98.8096973  98.8096973
146  145  1000012  1000014  107.774479  107.774479
146  153  1000012  1000014  109.173648  109.173648
146  162  1000012  1000014  109.173648  109.173648
146  171  1000012  1000014  109.173648  109.173648
146  180  1000012  1000014  109.173648  109.173648
146  190  1000012  1000014  109.173648  109.173648
146  200  1000012  1000014  109.173648  109.173648
146  212  1000012  1000014  109.173648  109.173648
146  223  1000012  1000014  109.173648  109.173648
146  236  1000012  1000014  109.173648  109.173648
146  249  1000012  1000014  109.173648  109.173648
146  262  1000012  1000014  109.173648  109.173648
146  277  1000012  1000014  109.173648  109.173648
146  292  1000012  1000014  109.173648  109.173648
146  308  1000012  1000014  109.173648  109.173648
146  325  1000012  1000014  109.173648  109.173648
146  343  1000012  1000014  109.173648  109.173648
146  362  1000012  1000014  109.173648  109.173648
146  382  1000012  1000014  109.173648  109.173648
146  403  1000012  1000014  109.173648  109.173648
146  425  1000012  1000014  109.173648  109.173648
146  449  1000012  1000014  109.173648  109.173648
146  473  1000012  1000014  109.173648  109.173648
146  500  1000012  1000014  109.173648  109.173648
158  100  1000012  1000014  47.3891923  47.3891923
158  105  1000012  1000014  56.1953651  56.1953651
158  111  1000012  1000014  64.7011526  64.7011526
158  117  1000012  1000014  73.1064729  73.1064729
158  124  1000012  1000014  81.5373544  81.5373544
158  130  1000012  1000014  90.0824792  90.0824792
158  138  1000012  1000014  98.8096973  98.8096973
158  145  1000012  1000014  107.774479  107.774479
158  153  1000012  1000014  117.024655  117.024655
158  162  1000012  1000014  122.576617  122.576617
158  171  1000012  1000014  122.576617  122.576617
158  180  1000012  1000014  122.576617  122.576617
158  190  1000012  1000014  122.576617  122.576617
158  200  1000012  1000014  122.576617  122.576617
158  212  1000012  1000014  122.576617  122.576617
158  223  1000012  1000014  122.576617  122.576617
158  236  1000012  1000014  122.576617  122.576617
158  249  1000012  1000014  122.576617  122.576617
158  262  1000012  1000014  122.576617  122.576617
158  277  1000012  1000014  122.576617  122.576617
158  292  1000012  1000014  122.576617  122.576617
158  308  1000012  1000014  122.576617  122.576617
158  325  1000012  1000014  122.576617  122.576617
158  343  1000012  1000014  122.576617  122.576617
158  362  1000012  1000014  122.576617  122.576617
158  382  1000012  1000014  122.576617  122.576617
158  403  1000012  1000014  122.576617  122.576617
158  425  1000012  1000014  122.576617  122.576617
158  449  1000012  1000014  122.576617  122.576617
158  473  1000012  1000014  122.576617  122.576617
158  500  1000012  1000014  122.576617  122.576617
171  100  1000012  1000014  47.3891923  47.3891923
171  105  1000012  1000014  56.1953651  56.1953651
171  111  1000012  1000014  64.7011526  64.7011526
171  117  1000012  1000014  73.1064729  73.1064729
171  124  1000012  1000014  81.5373544  81.5373544
171  130  1000012  1000014  90.0824792  90.0824792
171  138  1000012  1000014  98.8096973  98.8096973
171  145  1000012  1000014  107.774479  107.774479
171  153  1000012  1000014  117.024655  117.024655
171  162  1000012  1000014  126.603267  126.603267
171  171  1000012  1000014  136.55039  136.55039
171  180  1000012  1000014  136.699919  136.699919
171  190  1000012  1000014  136.699919  136.699919
171  200  1000012  1000014  136.699919  136.699919
171  212  1000012  1000014  136.699919  136.699919
171  223  1000012  1000014  136.699919  136.699919
171  236  1000012  1000014  136.699919  136.699919
171  249  1000012  1000014  136.699919  136.699919
171  262  1000012  1000014  136.699919  136.699919
171  277  1000012  1000014  136.699919  136.699919
171  292  1000012  1000014  136.699919  136.699919
171  308  1000012  1000014  136.699919  136.699919
171  325  1000012  1000014  136.699919  136.699919
171  343  1000012  1000014  136.699919  136.699919
171  362  1000012  1000014  136.699919  136.699919
171  382  1000012  1000014  136.699919  136.699919
171  403  1000012  1000014  136.699919  136.699919
171  425  1000012  1000014  136.699919  136.699919
171  449  1000012  1000014  136.699919  136.699919
171  473  1000012  1000014  136.699919  136.699919
171  500  1000012  1000014  136.699919  136.699919
184  100  1000012  1000014  47.3891923  47.3891923
184  105  1000012  1000014  56.1953651  56.1953651
184  111  1000012  1000014  64.7011526  64.7011526
184  117  1000012  1000014  73.1064729  73.1064729
184  124  1000012  1000014  81.5373544  81.5373544
184  130  1000012  1000014  90.0824792  90.0824792
184  138  1000012  1000014  98.8096973  98.8096973
184  145  1000012  1000014  107.774479  107.774479
184  153  1000012  1000014  117.024655  117.024655
184  162  1000012  1000014  126.603267  126.603267
184  171  1000012  1000014  136.55039  136.55039
184  180  1000012  1000014  146.90435  146.90435
184  190  1000012  1000014  151.656932  151.656932
184  200  1000012  1000014  151.656932  151.656932
184  212  1000012  1000014  151.656932  151.656932
184  223  1000012  1000014  151.656932  151.656932
184  236  1000012  1000014  151.656932  151.656932
184  249  1000012  1000014  151.656932  151.656932
184  262  1000012  1000014  151.656932  151.656932
184  277  1000012  1000014  151.656932  151.656932
184  292  1000012  1000014  151.656932  151.656932
184  308  1000012  1000014  151.656932  151.656932
184  325  1000012  1000014  151.656932  151.656932
184  343  1000012  1000014  151.656932  151.656932
184  362  1000012  1000014  151.656932  151.656932
184  382  1000012  1000014  151.656932  151.656932
184  403  1000012  1000014  151.656932  151.656932
184  425  1000012  1000014  151.656932  151.656932
184  449  1000012  1000014  151.656932  151.656932
184  473  1000012  1000014  151.656932  151.656932
184  500  1000012  1000014  151.656932  151.656932
199  100  1000012  1000014  47.3891923  47.3891923
199  105  1000012  1000014  56.1953651  56.1953651
199  111  1000012  1000014  64.7011526  64.7011526
199  117  1000012  1000014  73.1064729  73.1064729
199  124  1000012  1000014  81.5373544  81.5373544
199  130  1000012  1000014  90.0824792  90.0824792
199  138  1000012  1000014  98.8096973  98.8096973
199  145  1000012  1000014  107.774479  107.774479
199  153  1000012  1000014  117.024655  117.024655
199  162  1000012  1000014  126.603267  126.603267
199  171  1000012  1000014  136.55039  136.55039
199  180  1000012  1000014  146.90435  146.90435
199  190  1000012  1000014  157.702578  157.702578
199  200  1000012  1000014  167.557164  167.557164
199  212  1000012  1000014  167.557164  167.557164
199  223  1000012  1000014  167.557164  167.557164
199  236  1000012  1000014  167.557164  167.557164
199  249  1000012  1000014  167.557164  167.557164
199  262  1000012  1000014  167.557164  167.557164
199  277  1000012  1000014  167.557164  167.557164
199  292  1000012  1000014  167.557164  167.557164
199  308  1000012  1000014  167.557164  167.557164
199  325  1000012  1000014  167.557164  167.557164
199  343  1000012  1000014  167.557164  167.557164
199  362  1000012  1000014  167.557164  167.557164
199  382  1000012  1000014  167.557164  167.557164
199  403  1000012  1000014  167.557164  167.557164
199  425  1000012  1000014  167.557164  167.557164
199  449  1000012  1000014  167.557164  167.557164
199  473  1000012  1000014  167.557164  167.557164
199  500  1000012  1000014  167.557164  167.557164
215  100  1000012  1000014  47.3891923  47.3891923
215  105  1000012  1000014  56.1953651  56.1953651
215  111  1000012  1000014  64.7011526  64.7011526
215  117  1000012  1000014  73.1064729  73.1064729
215  124  1000012  1000014  81.5373544  81.5373544
215  130  1000012  1000014  90.0824792  90.0824792
215  138  1000012  1000014  98.8096973  98.8096973
215  145  1000012  1000014  107.774479  107.774479
215  153  1000012  1000014  117.024655  117.024655
215  162  1000012  1000014  126.603267  126.603267
215  171  1000012  1000014  136.55039  136.55039
215  180  1000012  1000014  146.90435  146.90435
215  190  1000012  1000014  157.702578  157.702578
215  200  1000012  1000014  168.982233  168.982233
215  212  1000012  1000014  180.780682  180.780682
215  223  1000012  1000014  184.509851  184.509851
215  236  1000012  1000014  184.509851  184.509851
215  249  1000012  1000014  184.509851  184.509851
215  262  1000012  1000014  184.509851  184.509851
215  277  1000012  1000014  184.509851  184.509851
215  292  1000012  1000014  184.509851  184.509851
215  308  1000012  1000014  184.509851  184.509851
215  325  1000012  1000014  184.509851  184.509851
215  343  1000012  1000014  184.509851  184.509851
215  362  1000012  1000014  184.509851  184.509851
215  382  1000012  1000014  184.509851  184.509851
215  403  1000012  1000014  184.509851  184.509851
215  425  1000012  1000014  184.509851  184.509851
215  449  1000012  1000014  184.509851  184.509851
215  473  1000012  1000014  184.509851  184.509851
215  500  1000012  1000014  184.509851  184.509851
232  100  1000012  1000014  47.3891923  47.3891923
232  105  1000012  1000014  56.1953651  56.1953651
232  111  1000012  1000014  64.7011526  64.7011526
232  117  1000012  1000014  73.1064729  73.1064729
232  124  1000012  1000014  81.5373544  81.5373544
232  130  1000012  1000014  90.0824792  90.0824792
232  138  1000012  1000014  98.8096973  98.8096973
232  145  1000012  1000014  107.774479  107.774479
232  153  1000012  1000014  117.024655  117.024655
232  162  1000012  1000014  126.603267  126.603267
232  171  1000012  1000014  136.55039  136.55039
232  180  1000012  1000014  146.90435  146.90435
232  190  1000012  1000014  157.702578  157.702578
232  200  1000012  1000014  168.982233  168.982233
232  212  1000012  1000014  180.780682  180.780682
232  223  1000012  1000014  193.135868  193.135868
232  236  1000012  1000014  202.626425  202.626425
232  249  1000012  1000014  202.626425  202.626425
232  262  1000012  1000014  202.626425  202.626425
232  277  1000012  1000014  202.626425  202.626425
232  292  1000012  1000014  202.626425  202.626425
232  308  1000012  1000014  202.626425  202.626425
232  325  1000012  1000014  202.626425  202.626425
232  343  1000012  1000014  202.626425  202.626425
232  362  1000012  1000014  202.626425  202.626425
232  382  1000012  1000014  202.626425  202.626425
232  403  1000012  1000014  202.626425  202.626425
232  425  1000012  1000014  202.626425  202.626425
232  449  1000012  1000014  202.626425  202.626425
232  473  1000012  1000014  202.626425  202.626425
232  500  1000012  1000014  202.626425  202.626425
251  100  1000012  1000014  47.3891923  47.3891923
251  105  1000012  1000014  56.1953651  56.1953651
251  111  1000012  1000014  64.7011526  64.7011526
251  117  1000012  1000014  73.1064729  73.1064729
251  124  1000012  1000014  81.5373544  81.5373544
251  130  1000012  1000014  90.0824792  90.0824792
251  138  1000012  1000014  98.8096973  98.8096973
251  145  1000012  1000014  107.774479  107.774479
251  153  1000012  1000014  117.024655  117.024655
251  162  1000012  1000014  126.603267  126.603267
251  171  1000012  1000014  136.55039  136.55039
251  180  1000012  1000014  146.90435  146.90435
251  190  1000012  1000014  157.702578  157.702578
251  200  1000012  1000014  168.982233  168.982233
251  212  1000012  1000014  180.780682  180.780682
251  223  1000012  1000014  193.135868  193.135868
251  236  1000012  1000014  206.086623  206.086623
251  249  1000012  1000014  219.672923  219.672923
251  262  1000012  1000014  222.022351  222.022351
251  277  1000012  1000014  222.022351  222.022351
251  292  1000012  1000014  222.022351  222.022351
251  308  1000012  1000014  222.022351  222.022351
251  325  1000012  1000014  222.022351  222.022351
251  343  1000012  1000014  222.022351  222.022351
251  362  1000012  1000014  222.022351  222.022351
251  382  1000012  1000014  222.022351  222.022351
251  403  1000012  1000014  222.022351  222.022351
251  425  1000012  1000014  222.022351  222.022351
251  449  1000012  1000014  222.022351  222.022351
251  473  1000012  1000014  222.022351  222.022351
251  500  1000012  1000014  222.022351  222.022351
271  100  1000012  1000014  47.3891923  47.3891923
271  105  1000012  1000014  56.1953651  56.1953651
271  111  1000012  1000014  64.7011526  64.7011526
271  117  1000012  1000014  73.1064729  73.1064729
271  124  1000012  1000014  81.5373544  81.5373544
271  130  1000012  1000014  90.0824792  90.0824792
271  138  1000012  1000014  98.8096973  98.8096973
271  145  1000012  1000014  107.774479  107.774479
271  153  1000012  1000014  117.024655  117.024655
271  162  1000012  1000014  126.603267  126.603267
271  171  1000012  1000014  136.55039  136.55039
271  180  1000012  1000014  146.90435  146.90435
271  190  1000012  1000014  157.702578  157.702578
271  200  1000012  1000014  168.982233  168.982233
271  212  1000012  1000014  180.780682  180.780682
271  223  1000012  1000014  193.135868  193.135868
271  236  1000012  1000014  206.086623  206.086623
271  249  1000012  1000014  219.672923  219.672923
271  262  1000012  1000014  233.936118  233.936118
271  277  1000012  1000014  242.818596  242.818596
271  292  1000012  1000014  242.818596  242.818596
271  308  1000012  1000014  242.818596  242.818596
271  325  1000012  1000014  242.818596  242.818596
271  343  1000012  1000014  242.818596  242.818596
271  362  1000012  1000014  242.818596  242.818596
271  382  1000012  1000014  242.818596  242.818596
271  403  1000012  1000014  242.818596  242.818596
271  425  1000012  1000014  242.818596  242.818596
271  449  1000012  1000014  242.818596  242.818596
271  473  1000012  1000014  242.818596  242.818596
271  500  1000012  1000014  242.818596  242.818596
292  100  1000012  1000014  47.3891923  47.3891923
292  105  1000012  1000014  56.1953651  56.1953651
292  111  1000012  1000014  64.7011526  64.7011526
292  117  1000012  1000014  73.1064729  73.1064729
292  124  1000012  1000014  81.5373544  81.5373544
292  130  1000012  1000014  90.0824792  90.0824792
292  138  1000012  1000014  98.8096973  98.8096973
292  145  1000012  1000014  107.774479  107.774479
292  153  1000012  1000014  117.024655  117.024655
292  162  1000012  1000014  126.603267  126.603267
292  171  1000012  1000014  136.55039  136.55039
292  180  1000012  1000014  146.90435  146.90435
292  190  1000012  1000014  157.702578  157.702578
292  200  1000012  1000014  168.982233  168.982233
292  212  1000012  1000014  180.780682  180.780682
292  223  1000012  1000014  193.135868  193.135868
292  236  1000012  1000014  206.086623  206.086623
292  249  1000012  1000014  219.672923  219.672923
292  262  1000012  1000014  233.936118  233.936118
292  277  1000012  1000014  248.919142  248.919142
292  292  1000022  1000012  262.503945  264.6667
292  308  1000012  1000014  265.142881  265.142881
292  325  1000012  1000014  265.142881  265.142881
292  343  1000012  1000014  265.142881  265.142881
292  362  1000012  1000014  265.142881  265.142881
292  382  1000012  1000014  265.142881  265.142881
292  403  1000012  1000014  265.142881  265.142881
292  425  1000012  1000014  265.142881  265.142881
292  449  1000012  1000014  265.142881  265.142881
292  473  1000012  1000014  265.142881  265.142881
292  500  1000012  1000014  265.142881  265.142881
316  100  1000012  1000014  47.3891923  47.3891923
316  105  1000012  1000014  56.1953651  56.1953651
316  111  1000012  1000014  64.7011526  64.7011526
316  117  1000012  1000014  73.1064729  73.1064729
316  124  1000012  1000014  81.5373544  81.5373544
316  130  1000012  1000014  90.0824792  90.0824792
316  138  1000012  1000014  98.8096973  98.8096973
316  145  1000012  1000014  107.774479  107.774479
316  153  1000012  1000014  117.024655  117.024655
316  162  1000012  1000014  126.603267  126.603267
316  171  1000012  1000014  136.55039  136.55039
316  180  1000012  1000014  146.90435  146.90435
316  190  1000012  1000014  157.702578  157.702578
316  200  1000012  1000014  168.982233  168.982233
316  212  1000012  1000014  180.780682  180.780682
316  223  1000012  1000014  193.135868  193.135868
316  236  1000012  1000014  206.086623  206.086623
316  249  1000012  1000014  219.672923  219.672923
316  262  1000012  1000014  233.936118  233.936118
316  277  1000012  1000014  248.919142  248.919142
316  292  1000012  1000014  264.6667  264.6667
316  308  1000012  1000014  281.225453  281.225453
316  325  1000012  1000014  289.130809  289.130809
316  343  1000012  1000014  289.130809  289.130809
316  362  1000012  1000014  289.130809  289.130809
316  382  1000012  1000014  289.130809  289.130809
316  403  1000012  1000014  289.130809  289.130809
316  425  1000012  1000014  289.130809  289.130809
316  449  1000012  1000014  289.130809  289.130809
316  473  1000012  1000014  289.130809  289.130809
316  500  1000012  1000014  289.130809  289.130809
341  100  1000012  1000014  47.3891923  47.3891923
341  105  1000012  1000014  56.1953651  56.1953651
341  111  1000012  1000014  64.7011526  64.7011526
341  117  1000012  1000014  73.1064729  73.1064729
341  124  1000012  1000014  81.5373544  81.5373544
341  130  1000012  1000014  90.0824792  90.0824792
341  138  1000012  1000014  98.8096973  98.8096973
341  145  1000012  1000014  107.774479  107.774479
341  153  1000012  1000014  117.024655  117.024655
341  162  1000012  1000014  126.603267  126.603267
341  171  1000012  1000014  136.55039  136.55039
341  180  1000012  1000014  146.90435  146.90435
341  190  1000012  1000014  157.702578  157.702578
341  200  1000012  1000014  168.982233  168.982233
341  212  1000012  1000014  180.780682  180.780682
341  223  1000012  1000014  193.135868  193.135868
341  236  1000012  1000014  206.086623  206.086623
341  249  1000012  1000014  219.672923  219.672923
341  262  1000012  1000014  233.936118  233.936118
341  277  1000012  1000014  248.919142  248.919142
341  292  1000012  1000014  264.6667  264.6667
341  308  1000012  1000014  281.225453  281.225453
341  325  1000012  1000014  298.644195  298.644195
341  343  1000022  1000012  312.226983  314.926944
341  362  1000012  1000014  314.926944  314.926944
341  382  1000012  1000014  314.926944  314.926944
341  403  1000012  1000014  314.926944  314.926944
341  425  1000012  1000014  314.926944  314.926944
341  449  1000012  1000014  314.926944  314.926944
341  473  1000012  1000014  314.926944  314.926944
341  500  1000012  1000014  314.926944  314.926944
368  100  1000012  1000014  47.3891923  47.3891923
368  105  1000012  1000014  56.1953651  56.1953651
368  111  1000012  1000014  64.7011526  64.7011526
368  117  1000012  1000014  73.1064729  73.1064729
368  124  1000012  1000014  81.5373544  81.5373544
368  130  1000012  1000014  90.0824792  90.0824792
368  138  1000012  1000014  98.8096973  98.8096973
368  145  1000012  1000014  107.774479  107.774479
368  153  1000012  1000014  117.024655  117.024655
368  162  1000012  1000014  126.603267  126.603267
368  171  1000012  1000014  136.55039  136.55039
368  180  1000012  1000014  146.90435  146.90435
368  190  1000012  1000014  157.702578  157.702578
368  200  1000012  1000014  168.982233  168.982233
368  212  1000012  1000014  180.780682  180.780682
368  223  1000012  1000014  193.135868  193.135868
368  236  1000012  1000014  206.086623  206.086623
368  249  1000012  1000014  219.672923  219.672923
368  262  1000012  1000014  233.936118  233.936118
368  277  1000012  1000014  248.919142  248.919142
368  292  1000012  1000014  264.6667  264.6667
368  308  1000012  1000014  281.225453  281.225453
368  325  1000012  1000014  298.644195  298.644195
368  343  1000012  1000014  316.97403  316.97403
368  362  1000022  1000012  335.017769  336.268542
368  382  1000012  1000014  342.685854  342.685854
368  403  1000012  1000014  342.685854  342.685854
368  425  1000012  1000014  342.685854  342.685854
368  449  1000012  1000014  342.685854  342.685854
368  473  1000012  1000014  342.685854  342.685854
368  500  1000012  1000014  342.685854  342.685854
398  100  1000012  1000014  47.3891923  47.3891923
398  105  1000012  1000014  56.1953651  56.1953651
398  111  1000012  1000014  64.7011526  64.7011526
398  117  1000012  1000014  73.1064729  73.1064729
398  124  1000012  1000014  81.5373544  81.5373544
398  130  1000012  1000014  90.0824792  90.0824792
398  138  1000012  1000014  98.8096973  98.8096973
398  145  1000012  1000014  107.774479  107.774479
398  153  1000012  1000014  117.024655  117.024655
398  162  1000012  1000014  126.603267  126.603267
398  171  1000012  1000014  136.55039  136.55039
398  180  1000012  1000014  146.90435  146.90435
398  190  1000012  1000014  157.702578  157.702578
398  200  1000012  1000014  168.982233  168.982233
398  212  1000012  1000014  180.780682  180.780682
398  223  1000012  1000014  193.135868  193.135868
398  236  1000012  1000014  206.086623  206.086623
398  249  1000012  1000014  219.672923  219.672923
398  262  1000012  1000014  233.936118  233.936118
398  277  1000012  1000014  248.919142  248.919142
398  292  1000012  1000014  264.6667  264.6667
398  308  1000012  1000014  281.225453  281.225453
398  325  1000012  1000014  298.644195  298.644195
398  343  1000012  1000014  316.97403  316.97403
398  362  1000012  1000014  336.268542  336.268542
398  382  1000012  1000014  356.583977  356.583977
398  403  1000022  1000012  370.375903  372.573171
398  425  1000012  1000014  372.573171  372.573171
398  449  1000012  1000014  372.573171  372.573171
398  473  1000012  1000014  372.573171  372.573171
398  500  1000012  1000014  372.573171  372.573171
429  100  1000012  1000014  47.3891923  47.3891923
429  105  1000012  1000014  56.1953651  56.1953651
429  111  1000012  1000014  64.7011526  64.7011526
429  117  1000012  1000014  73.1064729  73.1064729
429  124  1000012  1000014  81.5373544  81.5373544
429  130  1000012  1000014  90.0824792  90.0824792
429  138  1000012  1000014  98.8096973  98.8096973
429  145  1000012  1000014  107.774479  107.774479
429  153  1000012  1000014  117.024655  117.024655
429  162  1000012  1000014  126.603267  126.603267
429  171  1000012  1000014  136.55039  136.55039
429  180  1000012  1000014  146.90435  146.90435
429  190  1000012  1000014  157.702578  157.702578
429  200  1000012  1000014  168.982233  168.982233
429  212  1000012  1000014  180.780682  180.780682
429  223  1000012  1000014  193.135868  193.135868
429  236  1000012  1000014  206.086623  206.086623
429  249  1000012  1000014  219.672923  219.672923
429  262  1000012  1000014  233.936118  233.936118
429  277  1000012  1000014  248.919142  248.919142
429  292  1000012  1000014  264.6667  264.6667
429  308  1000012  1000014  281.225453  281.225453
429  325  1000012  1000014  298.644195  298.644195
429  343  1000012  1000014  316.97403  316.97403
429  362  1000012  1000014  336.268542  336.268542
429  382  1000012  1000014  356.583977  356.583977
429  403  1000012  1000014  377.97942  377.97942
429  425  1000022  1000012  397.27064  400.516982
429  449  1000012  1000014  404.766681  404.766681
429  473  1000012  1000014  404.766681  404.766681
429  500  1000012  1000014  404.766681  404.766681
464  100  1000012  1000014  47.3891923  47.3891923
464  105  1000012  1000014  56.1953651  56.1953651
464  111  1000012  1000014  64.7011526  64.7011526
464  117  1000012  1000014  73.1064729  73.1064729
464  124  1000012  1000014  81.5373544  81.5373544
464  130  1000012  1000014  90.0824792  90.0824792
464  138  1000012  1000014  98.8096973  98.8096973
464  145  1000012  1000014  107.774479  107.774479
464  153  1000012  1000014  117.024655  117.024655
464  162  1000012  1000014  126.603267  126.603267
464  171  1000012  1000014  136.55039  136.55039
464  180  1000012  1000014  146.90435  146.90435
464  190  1000012  1000014  157.702578  157.702578
464  200  1000012  1000014  168.982233  168.982233
464  212  1000012  1000014  180.780682  180.780682
464  223  1000012  1000014  193.135868  193.135868
464  236  1000012  1000014  206.086623  206.086623
464  249  1000012  1000014  219.672923  219.672923
464  262  1000012  1000014  233.936118  233.936118
464  277  1000012  1000014  248.919142  248.919142
464  292  1000012  1000014  264.6667  264.6667
464  308  1000012  1000014  281.225453  281.225453
464  325  1000012  1000014  298.644195  298.644195
464  343  1000012  1000014  316.97403  316.97403
464  362  1000012  1000014  336.268542  336.268542
464  382  1000012  1000014  356.583977  356.583977
464  403  1000012  1000014  377.97942  377.97942
464  425  1000012  1000014  400.516982  400.516982
464  449  1000012  1000014  424.261992  424.261992
464  473  1000022  1000012  438.310419  439.457449
464  500  1000012  1000014  439.457449  439.457449
501  100  1000012  1000014  47.3891923  47.3891923
501  105  1000012  1000014  56.1953651  56.1953651
501  111  1000012  1000014  64.7011526  64.7011526
501  117  1000012  1000014  73.1064729  73.1064729
501  124  1000012  1000014  81.5373544  81.5373544
501  130  1000012  1000014  90.0824792  90.0824792
501  138  1000012  1000014  98.8096973  98.8096973
501  145  1000012  1000014  107.774479  107.774479
501  153  1000012  1000014  117.024655  117.024655
501  162  1000012  1000014  126.603267  126.603267
501  171  1000012  1000014  136.55039  136.55039
501  180  1000012  1000014  146.90435  146.90435
501  190  1000012  1000014  157.702578  157.702578
501  200  1000012  1000014  168.982233  168.982233
501  212  1000012  1000014  180.780682  180.780682
501  223  1000012  1000014  193.135868  193.135868
501  236  1000012  1000014  206.086623  206.086623
501  249  1000012  1000014  219.672923  219.672923
501  262  1000012  1000014  233.936118  233.936118
501  277  1000012  1000014  248.919142  248.919142
501  292  1000012  1000014  264.6667  264.6667
501  308  1000012  1000014  281.225453  281.225453
501  325  1000012  1000014  298.644195  298.644195
501  343  1000012  1000014  316.97403  316.97403
501  362  1000012  1000014  336.268542  336.268542
501  382  1000012  1000014  356.583977  356.583977
501  403  1000012  1000014  377.97942  377.97942
501  425  1000012  1000014  400.516982  400.516982
501  449  1000012  1000014  424.261992  424.261992
501  473  1000012  1000014  449.283195  449.283195
501  500  1000022  1000012  470.116122  475.652957
541  100  1000012  1000014  47.3891923  47.3891923
541  105  1000012  1000014  56.1953651  56.1953651
541  111  1000012  1000014  64.7011526  64.7011526
541  117  1000012  1000014  73.1064729  73.1064729
541  124  1000012  1000014  81.5373544  81.5373544
541  130  1000012  1000014  90.0824792  90.0824792
541  138  1000012  1000014  98.8096973  98.8096973
541  145  1000012  1000014  107.774479  107.774479
541  153  1000012  1000014  117.024655  117.024655
541  162  1000012  1000014  126.603267  126.603267
541  171  1000012  1000014  136.55039  136.55039
541  180  1000012  1000014  146.90435  146.90435
541  190  1000012  1000014  157.702578  157.702578
541  200  1000012  1000014  168.982233  168.982233
541  212  1000012  1000014  180.780682  180.780682
541  223  1000012  1000014  193.135868  193.135868
541  236  1000012  1000014  206.086623  206.086623
541  249  1000012  1000014  219.672923  219.672923
541  262  1000012  1000014  233.936118  233.936118
541  277  1000012  1000014  248.919142  248.919142
541  292  1000012  1000014  264.6667  264.6667
541  308  1000012  1000014  281.225453  281.225453
541  325  1000012  1000014  298.644195  298.644195
541  343  1000012  1000014  316.97403  316.97403
541  362  1000012  1000014  336.268542  336.268542
541  382  1000012  1000014  356.583977  356.583977
541  403  1000012  1000014  377.97942  377.97942
541  425  1000012  1000014  400.516982  400.516982
541  449  1000012  1000014  424.261992  424.261992
541  473  1000012  1000014  449.283195  449.283195
541  500  1000012  1000014  475.652957  475.652957
584  100  1000012  1000014  47.3891923  47.3891923
584  105  1000012  1000014  56.1953651  56.1953651
584  111  1000012  1000014  64.7011526  64.7011526
584  117  1000012  1000014  73.1064729  73.1064729
584  124  1000012  1000014  81.5373544  81.5373544
584  130  1000012  1000014  90.0824792  90.0824792
584  138  1000012  1000014  98.8096973  98.8096973
584  145  1000012  1000014  107.774479  107.774479
584  153  1000012  1000014  117.024655  117.024655
584  162  1000012  1000014  126.603267  126.603267
584  171  1000012  1000014  136.55039  136.55039
584  180  1000012  1000014  146.90435  146.90435
584  190  1000012  1000014  157.702578  157.702578
584  200  1000012  1000014  168.982233  168.982233
584  212  1000012  1000014  180.780682  180.780682
584  223  1000012  1000014  193.135868  193.135868
584  236  1000012  1000014  206.086623  206.086623
584  249  1000012  1000014  219.672923  219.672923
584  262  1000012  1000014  233.936118  233.936118
584  277  1000012  1000014  248.919142  248.919142
584  292  1000012  1000014  264.6667  264.6667
584  308  1000012  1000014  281.225453  281.225453
584  325  1000012  1000014  298.644195  298.644195
584  343  1000012  1000014  316.97403  316.97403
584  362  1000012  1000014  336.268542  336.268542
584  382  1000012  1000014  356.583977  356.583977
584  403  1000012  1000014  377.97942  377.97942
584  425  1000012  1000014  400.516982  400.516982
584  449  1000012  1000014  424.261992  424.261992
584  473  1000012  1000014  449.283195  449.283195
584  500  1000012  1000014  475.652957  475.652957
631  100  1000012  1000014  47.3891923  47.3891923
631  105  1000012  1000014  56.1953651  56.1953651
631  111  1000012  1000014  64.7011526  64.7011526
631  117  1000012  1000014  73.1064729  73.1064729
631  124  1000012  1000014  81.5373544  81.5373544
631  130  1000012  1000014  90.0824792  90.0824792
631  138  1000012  1000014  98.8096973  98.8096973
631  145  1000012  1000014  107.774479  107.774479
631  153  1000012  1000014  117.024655  117.024655
631  162  1000012  1000014  126.603267  126.603267
631  171  1000012  1000014  136.55039  136.55039
631  180  1000012  1000014  146.90435  146.90435
631  190  1000012  1000014  157.702578  157.702578
631  200  1000012  1000014  168.982233  168.982233
631  212  1000012  1000014  180.780682  180.780682
631  223  1000012  1000014  193.135868  193.135868
631  236  1000012  1000014  206.086623  206.086623
631  249  1000012  1000014  219.672923  219.672923
631  262  1000012  1000014  233.936118  233.936118
631  277  1000012  1000014  248.919142  248.919142
631  292  1000012  1000014  264.6667  264.6667
631  308  1000012  1000014  281.225453  281.225453
631  325  1000012  1000014  298.644195  298.644195
631  343  1000012  1000014  316.97403  316.97403
631  362  1000012  1000014  336.268542  336.268542
631  382  1000012  1000014  356.583977  356.583977
631  403  1000012  1000014  377.97942  377.97942
631  425  1000012  1000014  400.516982  400.516982
631  449  1000012  1000014  424.261992  424.261992
631  473  1000012  1000014  449.283195  449.283195
631  500  1000012  1000014  475.652957  475.652957
681  100  1000012  1000014  47.3891923  47.3891923
681  105  1000012  1000014  56.1953651  56.1953651
681  111  1000012  1000014  64.7011526  64.7011526
681  117  1000012  1000014  73.1064729  73.1064729
681  124  1000012  1000014  81.5373544  81.5373544
681  130  1000012  1000014  90.0824792  90.0824792
681  138  1000012  1000014  98.8096973  98.8096973
681  145  1000012  1000014  107.774479  107.774479
681  153  1000012  1000014  117.024655  117.024655
681  162  1000012  1000014  126.603267  126.603267
681  171  1000012  1000014  136.55039  136.55039
681  180  1000012  1000014  146.90435  146.90435
681  190  1000012  1000014  157.702578  157.702578
681  200  1000012  1000014  168.982233  168.982233
681  212  1000012  1000014  180.780682  180.780682
681  223  1000012  1000014  193.135868  193.135868
681  236  1000012  1000014  206.086623  206.086623
681  249  1000012  1000014  219.672923  219.672923
681  262  1000012  1000014  233.936118  233.936118
681  277  1000012  1000014  248.919142  248.919142
681  292  1000012  1000014  264.6667  264.6667
681  308  1000012  1000014  281.225453  281.225453
681  325  1000012  1000014  298.644195  298.644195
681  343  1000012  1000014  316.97403  316.97403
681  362  1000012  1000014  336.268542  336.268542
681  382  1000012  1000014  356.583977  356.583977
681  403  1000012  1000014  377.97942  377.97942
681  425  1000012  1000014  400.516982  400.516982
681  449  1000012  1000014  424.261992  424.261992
681  473  1000012  1000014  449.283195  449.283195
681  500  1000012  1000014  475.652957  475.652957
735  100  1000012  1000014  47.3891923  47.3891923
735  105  1000012  1000014  56.1953651  56.1953651
735  111  1000012  1000014  64.7011526  64.7011526
735  117  1000012  1000014  73.1064729  73.1064729
735  124  1000012  1000014  81.5373544  81.5373544
735  130  1000012  1000014  90.0824792  90.0824792
735  138  1000012  1000014  98.8096973  98.8096973
735  145  1000012  1000014  107.774479  107.774479
735  153  1000012  1000014  117.024655  117.024655
735  162  1000012  1000014  126.603267  126.603267
735  171  1000012  1000014  136.55039  136.55039
735  180  1000012  1000014  146.90435  146.90435
735  190  1000012  1000014  157.702578  157.702578
735  200  1000012  1000014  168.982233  168.982233
735  212  1000012  1000014  180.780682  180.780682
735  223  1000012  1000014  193.135868  193.135868
735  236  1000012  1000014  206.086623  206.086623
735  249  1000012  1000014  219.672923  219.672923
735  262  1000012  1000014  233.936118  233.936118
735  277  1000012  1000014  248.919142  248.919142
735  292  1000012  1000014  264.6667  264.6667
735  308  1000012  1000014  281.225453  281.225453
735  325  1000012  1000014  298.644195  298.644195
735  343  1000012  1000014  316.97403  316.97403
735  362  1000012  1000014  336.268542  336.268542
735  382  1000012  1000014  356.583977  356.583977
735  403  1000012  1000014  377.97942  377.97942
735  425  1000012  1000014  400.516982  400.516982
735  449  1000012  1000014  424.261992  424.261992
735  473  1000012  1000014  449.283195  449.283195
735  500  1000012  1000014  475.652957  475.652957
794  100  1000012  1000014  47.3891923  47.3891923
794  105  1000012  1000014  56.1953651  56.1953651
794  111  1000012  1000014  64.7011526  64.7011526
794  117  1000012  1000014  73.1064729  73.1064729
794  124  1000012  1000014  81.5373544  81.5373544
794  130  1000012  1000014  90.0824792  90.0824792
794  138  1000012  1000014  98.8096973  98.8096973
794  145  1000012  1000014  107.774479  107.774479
794  153  1000012  1000014  117.024655  117.024655
794  162  1000012  1000014  126.603267  126.603267
794  171  1000012  1000014  136.55039  136.55039
794  180  1000012  1000014  146.90435  146.90435
794  190  1000012  1000014  157.702578  157.702578
794  200  1000012  1000014  168.982233  168.982233
794  212  1000012  1000014  180.780682  180.780682
794  223  1000012  1000014  193.135868  193.135868
794  236  1000012  1000014  206.086623  206.086623
794  249  1000012  1000014  219.672923  219.672923
794  262  1000012  1000014  233.936118  233.936118
794  277  1000012  1000014  248.919142  248.919142
794  292  1000012  1000014  264.6667  264.6667
794  308  1000012  1000014  281.225453  281.225453
794  325  1000012  1000014  298.644195  298.644195
794  343  1000012  1000014  316.97403  316.97403
794  362  1000012  1000014  336.268542  336.268542
794  382  1000012  1000014  356.583977  356.583977
794  403  1000012  1000014  377.97942  377.97942
794  425  1000012  1000014  400.516982  400.516982
794  449  1000012  1000014  424.261992  424.261992
794  473  1000012  1000014  449.283195  449.283195
794  500  1000012  1000014  475.652957  475.652957
857  100  1000012  1000014  47.3891923  47.3891923
857  105  1000012  1000014  56.1953651  56.1953651
857  111  1000012  1000014  64.7011526  64.7011526
857  117  1000012  1000014  73.1064729  73.1064729
857  124  1000012  1000014  81.5373544  81.5373544
857  130  1000012  1000014  90.0824792  90.0824792
857  138  1000012  1000014  98.8096973  98.8096973
857  145  1000012  1000014  107.774479  107.774479
857  153  1000012  1000014  117.024655  117.024655
857  162  1000012  1000014  126.603267  126.603267
857  171  1000012  1000014  136.55039  136.55039
857  180  1000012  1000014  146.90435  146.90435
857  190  1000012  1000014  157.702578  157.702578
857  200  1000012  1000014  168.982233  168.982233
857  212  1000012  1000014  180.780682  180.780682
857  223  1000012  1000014  193.135868  193.135868
857  236  1000012  1000014  206.086623  206.086623
857  249  1000012  1000014  219.672923  219.672923
857  262  1000012  1000014  233.936118  233.936118
857  277  1000012  1000014  248.919142  248.919142
857  292  1000012  1000014  264.6667  264.6667
857  308  1000012  1000014  281.225453  281.225453
857  325  1000012  1000014  298.644195  298.644195
857  343  1000012  1000014  316.97403  316.97403
857  362  1000012  1000014  336.268542  336.268542
857  382  1000012  1000014  356.583977  356.583977
857  403  1000012  1000014  377.97942  377.97942
857  425  1000012  1000014  400.516982  400.516982
857  449  1000012  1000014  424.261992  424.261992
857  473  1000012  1000014  449.283195  449.283195
857  500  1000012  1000014  475.652957  475.652957
926  100  1000012  1000014  47.3891923  47.3891923
926  105  1000012  1000014  56.1953651  56.1953651
926  111  1000012  1000014  64.7011526  64.7011526
926  117  1000012  1000014  73.1064729  73.1064729
926  124  1000012  1000014  81.5373544  81.5373544
926  130  1000012  1000014  90.0824792  90.0824792
926  138  1000012  1000014  98.8096973  98.8096973
926  145  1000012  1000014  107.774479  107.774479
926  153  1000012  1000014  117.024655  117.024655
926  162  1000012  1000014  126.603267  126.603267
926  171  1000012  1000014  136.55039  136.55039
926  180  1000012  1000014  146.90435  146.90435
926  190  1000012  1000014  157.702578  157.702578
926  200  1000012  1000014  168.982233  168.982233
926  212  1000012  1000014  180.780682  180.780682
926  223  1000012  1000014  193.135868  193.135868
926  236  1000012  1000014  206.086623  206.086623
926  249  1000012  1000014  219.672923  219.672923
926  262  1000012  1000014  233.936118  233.936118
926  277  1000012  1000014  248.919142  248.919142
926  292  1000012  1000014  264.6667  264.6667
926  308  1000012  1000014  281.225453  281.225453
926  325  1000012  1000014  298.644195  298.644195
926  343  1000012  1000014  316.97403  316.97403
926  362  1000012  1000014  336.268542  336.268542
926  382  1000012  1000014  356.583977  356.583977
926  403  1000012  1000014  377.97942  377.97942
926  425  1000012  1000014  400.516982  400.516982
926  449  1000012  1000014  424.261992  424.261992
926  473  1000012  1000014  449.283195  449.283195
926  500  1000012  1000014  475.652957  475.652957
