1000  -100  2000011  2000013  90.840278  90.840278
1000  -1000  1000022  1000015  970.539296  980.908195
1000  -108  2000011  2000013  97.9387514  97.9387514
1000  -116  2000011  2000013  105.744321  105.744321
1000  -125  2000011  2000013  114.303039  114.303039
1000  -136  2000011  2000013  123.664976  123.664976
1000  -146  2000011  2000013  133.884662  133.884662
1000  -158  2000011  2000013  145.021528  145.021528
1000  -171  2000011  2000013  157.14033  157.14033
1000  -184  2000011  2000013  170.311594  170.311594
1000  -199  2000011  2000013  184.612069  184.612069
1000  -215  1000015  2000011  200.123995  200.125201
1000  -232  1000015  2000011  216.939203  216.941643
1000  -251  1000015  2000011  235.156122  235.159798
1000  -271  1000015  2000011  254.881473  254.886395
1000  -292  1000015  2000011  276.230937  276.237122
1000  -316  1000015  2000011  299.329832  299.337304
1000  -341  1000015  2000011  324.313844  324.322636
1000  -368  1000015  2000011  351.329825  351.33998
1000  -398  1000015  2000011  380.536655  380.548222
1000  -429  1000015  2000011  412.106169  412.119206
1000  -464  1000015  2000011  446.224167  446.238743
1000  -501  1000015  2000011  483.091504  483.107696
1000  -541  1000015  2000011  522.925272  522.943168
1000  -584  1000015  2000011  565.960072  565.97977
1000  -631  1000015  2000011  612.449395  612.471004
1000  -681  1000015  2000011  662.667114  662.690756
1000  -735  1000015  2000011  716.909094  716.934902
1000  -794  1000015  2000011  775.494934  775.523055
1000  -857  1000015  2000011  838.769849  838.800444
1000  -926  1000015  2000011  907.1067  907.139947
100  -100  1000022  2000011  72.9557046  90.8402775
100  -1000  1000015  2000011  90.449645  90.8388556
100  -108  1000022  2000011  76.8782245  90.840275
100  -116  1000022  2000011  80.4966781  90.8402721
100  -125  1000022  2000011  83.7288428  90.8402688
100  -136  1000022  2000011  86.5300717  90.8402649
100  -146  1000022  2000011  88.8977678  90.8402604
100  -158  2000011  2000013  90.8402552  90.8402552
100  -171  2000011  2000013  90.8402491  90.8402491
100  -184  2000011  2000013  90.840242  90.840242
100  -199  2000011  2000013  90.8402337  90.8402337
100  -215  1000015  2000011  90.8375937  90.8402241
100  -232  1000015  2000011  90.8344292  90.840213
100  -251  1000015  2000011  90.8307424  90.8401999
100  -271  1000015  2000011  90.8264463  90.8401847
100  -292  1000015  2000011  90.8214397  90.840167
100  -316  1000015  2000011  90.8156046  90.8401464
100  -341  1000015  2000011  90.8088038  90.8401224
100  -368  1000015  2000011  90.8008774  90.8400944
100  -398  1000015  2000011  90.7916394  90.8400617
100  -429  1000015  2000011  90.7808735  90.8400237
100  -464  1000015  2000011  90.7683278  90.8399794
100  -501  1000015  2000011  90.7537096  90.8399277
100  -541  1000015  2000011  90.7366786  90.8398676
100  -584  1000015  2000011  90.716839  90.8397975
100  -631  1000015  2000011  90.6937311  90.839716
100  -681  1000015  2000011  90.6668207  90.839621
100  -735  1000015  2000011  90.635487  90.8395104
100  -794  1000015  2000011  90.5990094  90.8393818
100  -857  1000015  2000011  90.5565507  90.8392321
100  -926  1000015  2000011  90.5071387  90.839058
108  -100  1000022  2000011  76.2543089  90.8402775
108  -1000  1000015  2000011  97.5769289  97.9374357
108  -108  1000022  2000011  80.722517  97.9387509
108  -116  1000022  2000011  84.9310883  97.9387482
108  -125  1000022  2000011  88.7606315  97.9387451
108  -136  1000022  2000011  92.1244644  97.9387415
108  -146  1000022  2000011  94.9867563  97.9387374
108  -158  1000022  2000011  97.3626611  97.9387325
108  -171  2000011  2000013  97.9387268  97.9387268
108  -184  2000011  2000013  97.9387203  97.9387203
108  -199  2000011  2000013  97.9387126  97.9387126
108  -215  1000015  2000011  97.9362638  97.9387037
108  -232  1000015  2000011  97.9333295  97.9386933
108  -251  1000015  2000011  97.9299114  97.9386813
108  -271  1000015  2000011  97.9259291  97.9386672
108  -292  1000015  2000011  97.9212888  97.9386508
108  -316  1000015  2000011  97.9158814  97.9386317
108  -341  1000015  2000011  97.9095797  97.9386094
108  -368  1000015  2000011  97.9022357  97.9385834
108  -398  1000015  2000011  97.8936771  97.9385532
108  -429  1000015  2000011  97.8837036  97.9385179
108  -464  1000015  2000011  97.8720818  97.9384769
108  -501  1000015  2000011  97.8585408  97.938429
108  -541  1000015  2000011  97.8427652  97.9383733
108  -584  1000015  2000011  97.8243886  97.9383084
108  -631  1000015  2000011  97.8029853  97.9382329
108  -681  1000015  2000011  97.7780605  97.9381449
108  -735  1000015  2000011  97.7490395  97.9380425
108  -794  1000015  2000011  97.7152551  97.9379233
108  -857  1000015  2000011  97.6759324  97.9377846
108  -926  1000015  2000011  97.6301717  97.9376233
116  -100  1000022  2000011  79.279588  90.8402774
116  -1000  1000015  2000011  105.409651  105.743106
116  -108  1000022  2000011  84.3010517  97.9387509
116  -116  1000022  2000011  89.1432044  105.744321
116  -125  1000022  2000011  93.6549629  105.744318
116  -136  1000022  2000011  97.6995171  105.744314
116  -146  1000022  2000011  101.188162  105.744311
116  -158  1000022  2000011  104.099252  105.744306
116  -171  2000011  2000013  105.744301  105.744301
116  -184  2000011  2000013  105.744295  105.744295
116  -199  2000011  2000013  105.744288  105.744288
116  -215  1000015  2000011  105.742019  105.744279
116  -232  1000015  2000011  105.739302  105.74427
116  -251  1000015  2000011  105.736137  105.744259
116  -271  1000015  2000011  105.73245  105.744246
116  -292  1000015  2000011  105.728155  105.74423
116  -316  1000015  2000011  105.723151  105.744213
116  -341  1000015  2000011  105.71732  105.744192
116  -368  1000015  2000011  105.710525  105.744168
116  -398  1000015  2000011  105.702606  105.74414
116  -429  1000015  2000011  105.693379  105.744107
116  -464  1000015  2000011  105.682629  105.744069
116  -501  1000015  2000011  105.670103  105.744025
116  -541  1000015  2000011  105.655511  105.743974
116  -584  1000015  2000011  105.638513  105.743914
116  -631  1000015  2000011  105.618716  105.743844
116  -681  1000015  2000011  105.595663  105.743762
116  -735  1000015  2000011  105.568822  105.743668
116  -794  1000015  2000011  105.537576  105.743557
116  -857  1000015  2000011  105.501209  105.743429
116  -926  1000015  2000011  105.458889  105.74328
125  -100  1000022  2000011  81.9872962  90.8402774
125  -1000  1000015  2000011  113.993824  114.301919
125  -108  1000022  2000011  87.5375182  97.9387509
125  -116  1000022  2000011  93.0192346  105.744321
125  -125  1000022  2000011  98.2670373  114.303039
125  -136  1000022  2000011  103.100066  114.303036
125  -146  1000022  2000011  107.362543  114.303032
125  -158  1000022  2000011  110.967429  114.303028
125  -171  1000022  2000011  113.914014  114.303023
125  -184  2000011  2000013  114.303018  114.303018
125  -199  2000011  2000013  114.303011  114.303011
125  -215  1000015  2000011  114.300912  114.303003
125  -232  1000015  2000011  114.298398  114.302995
125  -251  1000015  2000011  114.29547  114.302984
125  -271  1000015  2000011  114.292061  114.302972
125  -292  1000015  2000011  114.28809  114.302958
125  -316  1000015  2000011  114.283463  114.302942
125  -341  1000015  2000011  114.278073  114.302923
125  -368  1000015  2000011  114.271792  114.302901
125  -398  1000015  2000011  114.264474  114.302875
125  -429  1000015  2000011  114.255947  114.302845
125  -464  1000015  2000011  114.246013  114.302809
125  -501  1000015  2000011  114.234439  114.302769
125  -541  1000015  2000011  114.220956  114.302721
125  -584  1000015  2000011  114.205251  114.302665
125  -631  1000015  2000011  114.186961  114.302601
125  -681  1000015  2000011  114.165663  114.302526
125  -735  1000015  2000011  114.140865  114.302438
125  -794  1000015  2000011  114.111999  114.302336
125  -857  1000015  2000011  114.078403  114.302218
125  -926  1000015  2000011  114.039308  114.30208
136  -100  1000022  2000011  84.3604886  90.8402774
136  -1000  1000015  2000011  123.379519  123.663944
136  -108  1000022  2000011  90.387177  97.9387508
136  -116  1000022  2000011  96.4720084  105.744321
136  -125  1000022  2000011  102.459004  114.303039
136  -136  1000022  2000011  108.147459  123.664975
136  -146  1000022  2000011  113.320757  123.664972
136  -158  1000022  2000011  117.802817  123.664968
136  -171  1000022  2000011  121.513588  123.664964
136  -184  2000011  2000013  123.664959  123.664959
136  -199  2000011  2000013  123.664953  123.664953
136  -215  1000015  2000011  123.663011  123.664945
136  -232  1000015  2000011  123.660687  123.664937
136  -251  1000015  2000011  123.657981  123.664928
136  -271  1000015  2000011  123.654831  123.664917
136  -292  1000015  2000011  123.651162  123.664904
136  -316  1000015  2000011  123.646888  123.664888
136  -341  1000015  2000011  123.641909  123.664871
136  -368  1000015  2000011  123.636108  123.66485
136  -398  1000015  2000011  123.62935  123.664826
136  -429  1000015  2000011  123.621477  123.664799
136  -464  1000015  2000011  123.612304  123.664766
136  -501  1000015  2000011  123.601619  123.664728
136  -541  1000015  2000011  123.589172  123.664684
136  -584  1000015  2000011  123.574674  123.664633
136  -631  1000015  2000011  123.55779  123.664574
136  -681  1000015  2000011  123.53813  123.664504
136  -735  1000015  2000011  123.51524  123.664423
136  -794  1000015  2000011  123.488595  123.664329
136  -857  1000015  2000011  123.457584  123.66422
136  -926  1000015  2000011  123.4215  123.664092
146  -100  1000022  2000011  86.4075012  90.8402773
146  -1000  1000015  2000011  133.621304  133.883714
146  -108  1000022  2000011  92.8416076  97.9387508
146  -116  1000022  2000011  99.4587858  105.744321
146  -125  1000022  2000011  106.132238  114.303039
146  -136  1000022  2000011  112.674659  123.664975
146  -146  1000022  2000011  118.842402  133.884662
146  -158  1000022  2000011  124.375836  133.884659
146  -171  1000022  2000011  129.077641  133.884654
146  -184  1000022  2000011  132.882128  133.88465
146  -199  2000011  2000013  133.884644  133.884644
146  -215  1000015  2000011  133.882849  133.884637
146  -232  1000015  2000011  133.880702  133.88463
146  -251  1000015  2000011  133.878203  133.884621
146  -271  1000015  2000011  133.875293  133.884611
146  -292  1000015  2000011  133.871905  133.884599
146  -316  1000015  2000011  133.867959  133.884585
146  -341  1000015  2000011  133.863362  133.884569
146  -368  1000015  2000011  133.858008  133.88455
146  -398  1000015  2000011  133.851772  133.884528
146  -429  1000015  2000011  133.844506  133.884502
146  -464  1000015  2000011  133.836042  133.884472
146  -501  1000015  2000011  133.826183  133.884437
146  -541  1000015  2000011  133.814699  133.884397
146  -584  1000015  2000011  133.801324  133.884349
146  -631  1000015  2000011  133.785747  133.884294
146  -681  1000015  2000011  133.767611  133.88423
146  -735  1000015  2000011  133.746496  133.884156
146  -794  1000015  2000011  133.721917  133.884069
146  -857  1000015  2000011  133.693312  133.883968
146  -926  1000015  2000011  133.660027  133.88385
158  -100  1000022  2000011  88.154666  90.8402773
158  -1000  1000015  2000011  144.778665  145.020656
158  -108  1000022  2000011  94.9228681  97.9387508
158  -116  1000022  2000011  101.984088  105.744321
158  -125  1000022  2000011  109.249607  114.303039
158  -136  1000022  2000011  116.571317  123.664975
158  -146  1000022  2000011  123.724954  133.884662
158  -158  1000022  2000011  130.414632  145.021528
158  -171  1000022  2000011  136.328871  145.021524
158  -184  1000022  2000011  141.248822  145.021519
158  -199  2000011  2000013  145.021514  145.021514
158  -215  1000015  2000011  145.019856  145.021508
158  -232  1000015  2000011  145.017873  145.021501
158  -251  1000015  2000011  145.015565  145.021493
158  -271  1000015  2000011  145.012878  145.021484
158  -292  1000015  2000011  145.009751  145.021473
158  -316  1000015  2000011  145.006109  145.02146
158  -341  1000015  2000011  145.001867  145.021445
158  -368  1000015  2000011  144.996928  145.021427
158  -398  1000015  2000011  144.991174  145.021407
158  -429  1000015  2000011  144.984472  145.021383
158  -464  1000015  2000011  144.976665  145.021356
158  -501  1000015  2000011  144.967572  145.021323
158  -541  1000015  2000011  144.956981  145.021286
158  -584  1000015  2000011  144.944647  145.021242
158  -631  1000015  2000011  144.930284  145.021192
158  -681  1000015  2000011  144.91356  145.021133
158  -735  1000015  2000011  144.894091  145.021064
158  -794  1000015  2000011  144.871429  145.020984
158  -857  1000015  2000011  144.845055  145.020891
158  -926  1000015  2000011  144.814366  145.020782
171  -100  1000022  2000011  89.6376732  90.8402773
171  -1000  1000015  2000011  156.916433  157.13953
171  -108  1000022  2000011  96.6717529  97.9387508
171  -116  1000022  2000011  104.087878  105.744321
171  -125  1000022  2000011  111.834148  114.303039
171  -136  1000022  2000011  119.810957  123.664975
171  -146  1000022  2000011  127.846573  133.884662
171  -158  1000022  2000011  135.673423  145.021528
171  -171  1000022  2000011  142.932113  157.14033
171  -184  1000022  2000011  149.248547  157.140326
171  -199  1000022  2000011  154.38303  157.140321
171  -215  1000015  2000011  157.138789  157.140315
171  -232  1000015  2000011  157.136958  157.140309
171  -251  1000015  2000011  157.134827  157.140301
171  -271  1000015  2000011  157.132347  157.140293
171  -292  1000015  2000011  157.129461  157.140282
171  -316  1000015  2000011  157.1261  157.140271
171  -341  1000015  2000011  157.122187  157.140257
171  -368  1000015  2000011  157.117631  157.140241
171  -398  1000015  2000011  157.112324  157.140222
171  -429  1000015  2000011  157.106143  157.1402
171  -464  1000015  2000011  157.098944  157.140175
171  -501  1000015  2000011  157.09056  157.140145
171  -541  1000015  2000011  157.080796  157.14011
171  -584  1000015  2000011  157.069425  157.14007
171  -631  1000015  2000011  157.056185  157.140024
171  -681  1000015  2000011  157.040769  157.139969
171  -735  1000015  2000011  157.022823  157.139906
171  -794  1000015  2000011  157.001934  157.139832
171  -857  1000015  2000011  156.977624  157.139746
171  -926  1000015  2000011  156.949339  157.139646
184  -100  2000011  2000013  90.8402773  90.8402773
184  -1000  1000015  2000011  170.105218  170.31086
184  -108  2000011  2000013  97.9387508  97.9387508
184  -116  2000011  2000013  105.744321  105.744321
184  -125  1000022  2000011  113.948393  114.303039
184  -136  1000022  2000011  122.441984  123.664975
184  -146  1000022  2000011  131.198311  133.884662
184  -158  1000022  2000011  140.019864  145.021528
184  -171  1000022  2000011  148.588727  157.14033
184  -184  1000022  2000011  156.468407  170.311594
184  -199  1000022  2000011  163.209042  170.31159
184  -215  1000022  1000015  168.552182  170.310175
184  -232  1000015  2000011  170.308484  170.311579
184  -251  1000015  2000011  170.306517  170.311572
184  -271  1000015  2000011  170.304228  170.311564
184  -292  1000015  2000011  170.301564  170.311554
184  -316  1000015  2000011  170.298464  170.311543
184  -341  1000015  2000011  170.294854  170.31153
184  -368  1000015  2000011  170.290651  170.311516
184  -398  1000015  2000011  170.285757  170.311498
184  -429  1000015  2000011  170.280058  170.311478
184  -464  1000015  2000011  170.273421  170.311455
184  -501  1000015  2000011  170.265692  170.311427
184  -541  1000015  2000011  170.256691  170.311396
184  -584  1000015  2000011  170.24621  170.311359
184  -631  1000015  2000011  170.234006  170.311315
184  -681  1000015  2000011  170.219798  170.311265
184  -735  1000015  2000011  170.203259  170.311207
184  -794  1000015  2000011  170.184008  170.311139
184  -857  1000015  2000011  170.161606  170.31106
184  -926  1000015  2000011  170.13554  170.310968
199  -100  2000011  2000013  90.8402773  90.8402773
199  -1000  1000015  2000011  184.421855  184.611396
199  -108  2000011  2000013  97.9387508  97.9387508
199  -116  2000011  2000013  105.744321  105.744321
199  -125  2000011  2000013  114.303039  114.303039
199  -136  2000011  2000013  123.664975  123.664975
199  -146  1000022  2000011  133.86216  133.884662
199  -158  1000022  2000011  143.471673  145.021528
199  -171  1000022  2000011  153.157923  157.14033
199  -184  1000022  2000011  162.545031  170.311594
199  -199  1000022  2000011  171.103108  184.612069
199  -215  1000022  1000015  178.290438  184.610761
199  -232  1000022  1000015  183.833876  184.6092
199  -251  1000015  2000011  184.607384  184.612052
199  -271  1000015  2000011  184.605272  184.612044
199  -292  1000015  2000011  184.602814  184.612036
199  -316  1000015  2000011  184.599953  184.612026
199  -341  1000015  2000011  184.596623  184.612014
199  -368  1000015  2000011  184.592747  184.612
199  -398  1000015  2000011  184.588234  184.611984
199  -429  1000015  2000011  184.582979  184.611966
199  -464  1000015  2000011  184.576859  184.611944
199  -501  1000015  2000011  184.569734  184.611919
199  -541  1000015  2000011  184.561437  184.611889
199  -584  1000015  2000011  184.551777  184.611855
199  -631  1000015  2000011  184.54053  184.611816
199  -681  1000015  2000011  184.527436  184.611769
199  -735  1000015  2000011  184.512194  184.611715
199  -794  1000015  2000011  184.494455  184.611653
199  -857  1000015  2000011  184.473812  184.61158
199  -926  1000015  2000011  184.449794  184.611495
215  -100  2000011  2000013  90.8402773  90.8402773
215  -1000  1000015  2000011  199.949881  200.124585
215  -108  2000011  2000013  97.9387507  97.9387507
215  -116  2000011  2000013  105.744321  105.744321
215  -125  2000011  2000013  114.303039  114.303039
215  -136  2000011  2000013  123.664975  123.664975
215  -146  2000011  2000013  133.884662  133.884662
215  -158  2000011  2000013  145.021528  145.021528
215  -171  1000022  2000011  156.695982  157.14033
215  -184  1000022  2000011  167.332743  170.311594
215  -199  1000022  2000011  177.622416  184.612069
215  -215  1000022  1000015  186.922307  200.123997
215  -232  1000022  1000015  194.579156  200.122556
215  -251  1000015  2000011  200.120879  200.12519
215  -271  1000015  2000011  200.118929  200.125183
215  -292  1000015  2000011  200.116661  200.125175
215  -316  1000015  2000011  200.114021  200.125165
215  -341  1000015  2000011  200.110949  200.125154
215  -368  1000015  2000011  200.107374  200.125142
215  -398  1000015  2000011  200.103211  200.125127
215  -429  1000015  2000011  200.098365  200.12511
215  -464  1000015  2000011  200.092724  200.12509
215  -501  1000015  2000011  200.086155  200.125067
215  -541  1000015  2000011  200.078507  200.12504
215  -584  1000015  2000011  200.069602  200.125008
215  -631  1000015  2000011  200.059236  200.124972
215  -681  1000015  2000011  200.047169  200.124929
215  -735  1000015  2000011  200.033124  200.124879
215  -794  1000015  2000011  200.016777  200.124822
215  -857  1000015  2000011  199.997755  200.124754
215  -926  1000015  2000011  199.975624  200.124676
232  -100  2000011  2000013  90.8402773  90.8402773
232  -1000  1000015  2000011  216.780038  216.941081
232  -108  2000011  2000013  97.9387507  97.9387507
232  -116  2000011  2000013  105.744321  105.744321
232  -125  2000011  2000013  114.303039  114.303039
232  -136  2000011  2000013  123.664975  123.664975
232  -146  2000011  2000013  133.884662  133.884662
232  -158  2000011  2000013  145.021528  145.021528
232  -171  2000011  2000013  157.14033  157.14033
232  -184  2000011  2000013  170.311594  170.311594
232  -199  1000022  2000011  182.621999  184.612069
232  -215  1000022  1000015  193.907311  200.123998
232  -232  1000022  1000015  204.019095  216.939205
232  -251  1000022  1000015  212.168439  216.937657
232  -271  1000015  2000011  216.935857  216.941632
232  -292  1000015  2000011  216.933763  216.941624
232  -316  1000015  2000011  216.931327  216.941616
232  -341  1000015  2000011  216.928493  216.941606
232  -368  1000015  2000011  216.925194  216.941594
232  -398  1000015  2000011  216.921355  216.94158
232  -429  1000015  2000011  216.916886  216.941565
232  -464  1000015  2000011  216.911683  216.941546
232  -501  1000015  2000011  216.905627  216.941525
232  -541  1000015  2000011  216.898576  216.9415
232  -584  1000015  2000011  216.890368  216.941471
232  -631  1000015  2000011  216.880813  216.941437
232  -681  1000015  2000011  216.869691  216.941398
232  -735  1000015  2000011  216.856746  216.941352
232  -794  1000015  2000011  216.841682  216.941299
232  -857  1000015  2000011  216.824153  216.941237
232  -926  1000015  2000011  216.80376  216.941165
251  -100  2000011  2000013  90.8402773  90.8402773
251  -1000  1000015  2000011  235.010815  235.159284
251  -108  2000011  2000013  97.9387508  97.9387508
251  -116  2000011  2000013  105.744321  105.744321
251  -125  2000011  2000013  114.303039  114.303039
251  -136  2000011  2000013  123.664975  123.664975
251  -146  2000011  2000013  133.884662  133.884662
251  -158  2000011  2000013  145.021528  145.021528
251  -171  2000011  2000013  157.14033  157.14033
251  -184  2000011  2000013  170.311594  170.311594
251  -199  2000011  2000013  184.612069  184.612069
251  -215  1000022  1000015  199.109523  200.123999
251  -232  1000022  1000015  211.492979  216.939207
251  -251  1000022  1000015  222.494113  235.156121
251  -271  1000022  1000015  231.158865  235.154459
251  -292  1000015  2000011  235.152526  235.159785
251  -316  1000015  2000011  235.150278  235.159777
251  -341  1000015  2000011  235.147662  235.159768
251  -368  1000015  2000011  235.144618  235.159757
251  -398  1000015  2000011  235.141076  235.159745
251  -429  1000015  2000011  235.136954  235.15973
251  -464  1000015  2000011  235.132155  235.159713
251  -501  1000015  2000011  235.12657  235.159694
251  -541  1000015  2000011  235.120069  235.159671
251  -584  1000015  2000011  235.112501  235.159644
251  -631  1000015  2000011  235.103693  235.159613
251  -681  1000015  2000011  235.093441  235.159576
251  -735  1000015  2000011  235.081509  235.159534
251  -794  1000015  2000011  235.067625  235.159485
251  -857  1000015  2000011  235.05147  235.159428
251  -926  1000015  2000011  235.032676  235.159362
271  -100  2000011  2000013  90.8402773  90.8402773
271  -1000  1000015  2000011  254.749024  254.885927
271  -108  2000011  2000013  97.9387508  97.9387508
271  -116  2000011  2000013  105.744321  105.744321
271  -125  2000011  2000013  114.303039  114.303039
271  -136  2000011  2000013  123.664975  123.664975
271  -146  2000011  2000013  133.884662  133.884662
271  -158  2000011  2000013  145.021528  145.021528
271  -171  2000011  2000013  157.14033  157.14033
271  -184  2000011  2000013  170.311594  170.311594
271  -199  2000011  2000013  184.612069  184.612069
271  -215  1000015  2000011  200.124  200.125201
271  -232  1000022  1000015  216.885826  216.939209
271  -251  1000022  1000015  230.480027  235.156124
271  -271  1000022  1000015  242.456141  254.881468
271  -292  1000022  1000015  251.65891  254.879683
271  -316  1000015  2000011  254.877607  254.886381
271  -341  1000015  2000011  254.875193  254.886373
271  -368  1000015  2000011  254.872384  254.886363
271  -398  1000015  2000011  254.869115  254.886351
271  -429  1000015  2000011  254.865312  254.886338
271  -464  1000015  2000011  254.860885  254.886322
271  -501  1000015  2000011  254.855733  254.886304
271  -541  1000015  2000011  254.849738  254.886283
271  -584  1000015  2000011  254.842759  254.886258
271  -631  1000015  2000011  254.834637  254.886229
271  -681  1000015  2000011  254.825185  254.886196
271  -735  1000015  2000011  254.814186  254.886157
271  -794  1000015  2000011  254.801387  254.886112
271  -857  1000015  2000011  254.786495  254.886059
271  -926  1000015  2000011  254.769172  254.885998
292  -100  2000011  2000013  90.8402774  90.8402774
292  -1000  1000015  2000011  276.110431  276.236696
292  -108  2000011  2000013  97.9387508  97.9387508
292  -116  2000011  2000013  105.744321  105.744321
292  -125  2000011  2000013  114.303039  114.303039
292  -136  2000011  2000013  123.664975  123.664975
292  -146  2000011  2000013  133.884662  133.884662
292  -158  2000011  2000013  145.021528  145.021528
292  -171  2000011  2000013  157.14033  157.14033
292  -184  2000011  2000013  170.311594  170.311594
292  -199  2000011  2000013  184.612069  184.612069
292  -215  1000015  2000011  200.124001  200.125201
292  -232  1000015  2000011  216.939211  216.941643
292  -251  1000015  2000011  235.156127  235.159798
292  -271  1000022  1000015  250.97697  254.881472
292  -292  1000022  1000015  264.022738  276.230927
292  -316  1000022  1000015  273.785558  276.22901
292  -341  1000015  2000011  276.226781  276.237107
292  -368  1000015  2000011  276.224187  276.237098
292  -398  1000015  2000011  276.22117  276.237087
292  -429  1000015  2000011  276.21766  276.237075
292  -464  1000015  2000011  276.213576  276.23706
292  -501  1000015  2000011  276.208823  276.237044
292  -541  1000015  2000011  276.203292  276.237024
292  -584  1000015  2000011  276.196855  276.237001
292  -631  1000015  2000011  276.189364  276.236975
292  -681  1000015  2000011  276.180648  276.236944
292  -735  1000015  2000011  276.170505  276.236908
292  -794  1000015  2000011  276.158704  276.236867
292  -857  1000015  2000011  276.144975  276.236818
292  -926  1000015  2000011  276.129005  276.236762
316  -100  2000011  2000013  90.8402774  90.8402774
316  -1000  1000015  2000011  299.220435  299.336917
316  -108  2000011  2000013  97.9387508  97.9387508
316  -116  2000011  2000013  105.744321  105.744321
316  -125  2000011  2000013  114.303039  114.303039
316  -136  2000011  2000013  123.664975  123.664975
316  -146  2000011  2000013  133.884662  133.884662
316  -158  2000011  2000013  145.021528  145.021528
316  -171  2000011  2000013  157.14033  157.14033
316  -184  2000011  2000013  170.311594  170.311594
316  -199  2000011  2000013  184.612069  184.612069
316  -215  1000015  2000011  200.124002  200.125201
316  -232  1000015  2000011  216.939212  216.941643
316  -251  1000015  2000011  235.15613  235.159798
316  -271  1000015  2000011  254.881476  254.886395
316  -292  1000022  1000015  273.100839  276.230932
316  -316  1000022  1000015  287.320932  299.329815
316  -341  1000022  1000015  297.664965  299.327756
316  -368  1000015  2000011  299.325361  299.337288
316  -398  1000015  2000011  299.322575  299.337278
316  -429  1000015  2000011  299.319335  299.337267
316  -464  1000015  2000011  299.315565  299.337253
316  -501  1000015  2000011  299.311179  299.337238
316  -541  1000015  2000011  299.306075  299.33722
316  -584  1000015  2000011  299.300136  299.337199
316  -631  1000015  2000011  299.293226  299.337174
316  -681  1000015  2000011  299.285186  299.337146
316  -735  1000015  2000011  299.275831  299.337113
316  -794  1000015  2000011  299.264948  299.337075
316  -857  1000015  2000011  299.252288  299.33703
316  -926  1000015  2000011  299.237561  299.336978
341  -100  2000011  2000013  90.8402774  90.8402774
341  -1000  1000015  2000011  324.2148  324.322286
341  -108  2000011  2000013  97.9387508  97.9387508
341  -116  2000011  2000013  105.744321  105.744321
341  -125  2000011  2000013  114.303039  114.303039
341  -136  2000011  2000013  123.664975  123.664975
341  -146  2000011  2000013  133.884662  133.884662
341  -158  2000011  2000013  145.021528  145.021528
341  -171  2000011  2000013  157.14033  157.14033
341  -184  2000011  2000013  170.311594  170.311594
341  -199  2000011  2000013  184.612069  184.612069
341  -215  1000015  2000011  200.124002  200.125201
341  -232  1000015  2000011  216.939214  216.941643
341  -251  1000015  2000011  235.156132  235.159798
341  -271  1000015  2000011  254.88148  254.886395
341  -292  1000015  2000011  276.230937  276.237122
341  -316  1000022  1000015  296.977848  299.329821
341  -341  1000022  1000015  312.487969  324.313819
341  -368  1000022  1000015  323.433183  324.311607
341  -398  1000015  2000011  324.309034  324.322619
341  -429  1000015  2000011  324.306042  324.322609
341  -464  1000015  2000011  324.302561  324.322596
341  -501  1000015  2000011  324.298512  324.322582
341  -541  1000015  2000011  324.293801  324.322565
341  -584  1000015  2000011  324.28832  324.322546
341  -631  1000015  2000011  324.281944  324.322524
341  -681  1000015  2000011  324.274526  324.322497
341  -735  1000015  2000011  324.265895  324.322467
341  -794  1000015  2000011  324.255856  324.322431
341  -857  1000015  2000011  324.244178  324.32239
341  -926  1000015  2000011  324.230595  324.322342
368  -100  2000011  2000013  90.8402774  90.8402774
368  -1000  1000015  2000011  351.240451  351.339664
368  -108  2000011  2000013  97.9387508  97.9387508
368  -116  2000011  2000013  105.744321  105.744321
368  -125  2000011  2000013  114.303039  114.303039
368  -136  2000011  2000013  123.664975  123.664975
368  -146  2000011  2000013  133.884662  133.884662
368  -158  2000011  2000013  145.021528  145.021528
368  -171  2000011  2000013  157.14033  157.14033
368  -184  2000011  2000013  170.311594  170.311594
368  -199  2000011  2000013  184.612069  184.612069
368  -215  1000015  2000011  200.124002  200.125201
368  -232  1000015  2000011  216.939215  216.941643
368  -251  1000015  2000011  235.156134  235.159798
368  -271  1000015  2000011  254.881483  254.886395
368  -292  1000015  2000011  276.230942  276.237122
368  -316  1000015  2000011  299.329827  299.337304
368  -341  1000022  1000015  322.744112  324.313827
368  -368  1000022  1000015  339.67212  351.329792
368  -398  1000022  1000015  351.236954  351.327416
368  -429  1000015  2000011  351.324652  351.339962
368  -464  1000015  2000011  351.321437  351.33995
368  -501  1000015  2000011  351.317698  351.339937
368  -541  1000015  2000011  351.313348  351.339922
368  -584  1000015  2000011  351.308289  351.339904
368  -631  1000015  2000011  351.302403  351.339883
368  -681  1000015  2000011  351.295556  351.339859
368  -735  1000015  2000011  351.287592  351.339831
368  -794  1000015  2000011  351.278328  351.339798
368  -857  1000015  2000011  351.267553  351.33976
368  -926  1000015  2000011  351.255022  351.339716
398  -100  2000011  2000013  90.8402775  90.8402775
398  -1000  1000015  2000011  380.456334  380.547938
398  -108  2000011  2000013  97.9387509  97.9387509
398  -116  2000011  2000013  105.744321  105.744321
398  -125  2000011  2000013  114.303039  114.303039
398  -136  2000011  2000013  123.664975  123.664975
398  -146  2000011  2000013  133.884662  133.884662
398  -158  2000011  2000013  145.021528  145.021528
398  -171  2000011  2000013  157.14033  157.14033
398  -184  2000011  2000013  170.311594  170.311594
398  -199  2000011  2000013  184.612069  184.612069
398  -215  1000015  2000011  200.124003  200.125201
398  -232  1000015  2000011  216.939215  216.941643
398  -251  1000015  2000011  235.156135  235.159798
398  -271  1000015  2000011  254.881485  254.886395
398  -292  1000015  2000011  276.230946  276.237122
398  -316  1000015  2000011  299.329833  299.337304
398  -341  1000015  2000011  324.313834  324.322636
398  -368  1000022  1000015  350.546441  351.329801
398  -398  1000022  1000015  369.033549  380.536614
398  -429  1000015  2000011  380.53406  380.548213
398  -464  1000015  2000011  380.53109  380.548202
398  -501  1000015  2000011  380.527636  380.54819
398  -541  1000015  2000011  380.523619  380.548176
398  -584  1000015  2000011  380.518946  380.548159
398  -631  1000015  2000011  380.513512  380.54814
398  -681  1000015  2000011  380.507191  380.548118
398  -735  1000015  2000011  380.499839  380.548092
398  -794  1000015  2000011  380.491288  380.548062
398  -857  1000015  2000011  380.481344  380.548026
398  -926  1000015  2000011  380.46978  380.547986
429  -100  2000011  2000013  90.8402775  90.8402775
429  -1000  1000015  2000011  412.034348  412.118952
429  -108  2000011  2000013  97.9387509  97.9387509
429  -116  2000011  2000013  105.744321  105.744321
429  -125  2000011  2000013  114.303039  114.303039
429  -136  2000011  2000013  123.664975  123.664975
429  -146  2000011  2000013  133.884662  133.884662
429  -158  2000011  2000013  145.021528  145.021528
429  -171  2000011  2000013  157.14033  157.14033
429  -184  2000011  2000013  170.311594  170.311594
429  -199  2000011  2000013  184.612069  184.612069
429  -215  1000015  2000011  200.124003  200.125201
429  -232  1000015  2000011  216.939216  216.941643
429  -251  1000015  2000011  235.156137  235.159798
429  -271  1000015  2000011  254.881487  254.886395
429  -292  1000015  2000011  276.230949  276.237122
429  -316  1000015  2000011  299.329837  299.337304
429  -341  1000015  2000011  324.31384  324.322636
429  -368  1000015  2000011  351.329809  351.33998
429  -398  1000015  1000022  380.536624  380.543204
429  -429  1000022  1000015  400.745265  412.106119
429  -464  1000015  2000011  412.103375  412.119196
429  -501  1000015  2000011  412.100183  412.119185
429  -541  1000015  2000011  412.096471  412.119172
429  -584  1000015  2000011  412.092155  412.119157
429  -631  1000015  2000011  412.087135  412.119139
429  -681  1000015  2000011  412.081298  412.119118
429  -735  1000015  2000011  412.074509  412.119094
429  -794  1000015  2000011  412.066614  412.119067
429  -857  1000015  2000011  412.057433  412.119034
429  -926  1000015  2000011  412.046759  412.118996
464  -100  2000011  2000013  90.8402776  90.8402776
464  -1000  1000015  2000011  446.160352  446.238517
464  -108  2000011  2000013  97.9387509  97.9387509
464  -116  2000011  2000013  105.744321  105.744321
464  -125  2000011  2000013  114.303039  114.303039
464  -136  2000011  2000013  123.664975  123.664975
464  -146  2000011  2000013  133.884662  133.884662
464  -158  2000011  2000013  145.021528  145.021528
464  -171  2000011  2000013  157.14033  157.14033
464  -184  2000011  2000013  170.311594  170.311594
464  -199  2000011  2000013  184.612069  184.612069
464  -215  1000015  2000011  200.124003  200.125201
464  -232  1000015  2000011  216.939216  216.941643
464  -251  1000015  2000011  235.156137  235.159798
464  -271  1000015  2000011  254.881489  254.886395
464  -292  1000015  2000011  276.230951  276.237122
464  -316  1000015  2000011  299.329841  299.337304
464  -341  1000015  2000011  324.313845  324.322636
464  -368  1000015  2000011  351.329817  351.33998
464  -398  1000015  2000011  380.536633  380.548222
464  -429  1000015  2000011  412.106131  412.119206
464  -464  1000022  1000015  434.994132  446.224109
464  -501  1000015  2000011  446.221159  446.238732
464  -541  1000015  2000011  446.217729  446.23872
464  -584  1000015  2000011  446.21374  446.238706
464  -631  1000015  2000011  446.209102  446.238689
464  -681  1000015  2000011  446.203709  446.23867
464  -735  1000015  2000011  446.197438  446.238648
464  -794  1000015  2000011  446.190146  446.238622
464  -857  1000015  2000011  446.181668  446.238593
464  -926  1000015  2000011  446.171811  446.238558
501  -100  2000011  2000013  90.8402776  90.8402776
501  -1000  1000015  2000011  483.035258  483.107498
501  -108  2000011  2000013  97.938751  97.938751
501  -116  2000011  2000013  105.744321  105.744321
501  -125  2000011  2000013  114.303039  114.303039
501  -136  2000011  2000013  123.664975  123.664975
501  -146  2000011  2000013  133.884662  133.884662
501  -158  2000011  2000013  145.021528  145.021528
501  -171  2000011  2000013  157.14033  157.14033
501  -184  2000011  2000013  170.311594  170.311594
501  -199  2000011  2000013  184.612069  184.612069
501  -215  1000015  2000011  200.124002  200.125201
501  -232  1000015  2000011  216.939216  216.941643
501  -251  1000015  2000011  235.156137  235.159798
501  -271  1000015  2000011  254.88149  254.886395
501  -292  1000015  2000011  276.230953  276.237122
501  -316  1000015  2000011  299.329844  299.337304
501  -341  1000015  2000011  324.31385  324.322636
501  -368  1000015  2000011  351.329823  351.33998
501  -398  1000015  2000011  380.536641  380.548222
501  -429  1000015  2000011  412.106141  412.119206
501  -464  1000015  2000011  446.224122  446.238743
501  -501  1000022  1000015  471.981974  483.09144
501  -541  1000015  2000011  483.088269  483.107685
501  -584  1000015  2000011  483.084582  483.107672
501  -631  1000015  2000011  483.080295  483.107657
501  -681  1000015  2000011  483.075311  483.107639
501  -735  1000015  2000011  483.069516  483.107619
501  -794  1000015  2000011  483.062779  483.107595
501  -857  1000015  2000011  483.054947  483.107567
501  -926  1000015  2000011  483.045842  483.107535
541  -100  2000011  2000013  90.8402776  90.8402776
541  -1000  1000015  2000011  522.87621  522.942995
541  -108  2000011  2000013  97.938751  97.938751
541  -116  2000011  2000013  105.744321  105.744321
541  -125  2000011  2000013  114.303039  114.303039
541  -136  2000011  2000013  123.664975  123.664975
541  -146  2000011  2000013  133.884662  133.884662
541  -158  2000011  2000013  145.021528  145.021528
541  -171  2000011  2000013  157.14033  157.14033
541  -184  2000011  2000013  170.311594  170.311594
541  -199  2000011  2000013  184.612069  184.612069
541  -215  1000015  2000011  200.124002  200.125201
541  -232  1000015  2000011  216.939215  216.941643
541  -251  1000015  2000011  235.156137  235.159798
541  -271  1000015  2000011  254.88149  254.886395
541  -292  1000015  2000011  276.230954  276.237122
541  -316  1000015  2000011  299.329846  299.337304
541  -341  1000015  2000011  324.313853  324.322636
541  -368  1000015  2000011  351.329828  351.33998
541  -398  1000015  2000011  380.536648  380.548222
541  -429  1000015  2000011  412.10615  412.119206
541  -464  1000015  2000011  446.224133  446.238743
541  -501  1000015  2000011  483.091454  483.107696
541  -541  1000022  1000015  511.926762  522.925203
541  -584  1000015  2000011  522.921793  522.943156
541  -631  1000015  2000011  522.91783  522.943142
541  -681  1000015  2000011  522.913222  522.943125
541  -735  1000015  2000011  522.907866  522.943107
541  -794  1000015  2000011  522.901639  522.943085
541  -857  1000015  2000011  522.894401  522.943059
541  -926  1000015  2000011  522.885988  522.943029
584  -100  2000011  2000013  90.8402777  90.8402777
584  -1000  1000015  2000011  565.917858  565.979621
584  -108  2000011  2000013  97.9387511  97.9387511
584  -116  2000011  2000013  105.744321  105.744321
584  -125  2000011  2000013  114.303039  114.303039
584  -136  2000011  2000013  123.664975  123.664975
584  -146  2000011  2000013  133.884662  133.884662
584  -158  2000011  2000013  145.021528  145.021528
584  -171  2000011  2000013  157.14033  157.14033
584  -184  2000011  2000013  170.311594  170.311594
584  -199  2000011  2000013  184.612069  184.612069
584  -215  1000015  2000011  200.124002  200.125201
584  -232  1000015  2000011  216.939215  216.941643
584  -251  1000015  2000011  235.156136  235.159798
584  -271  1000015  2000011  254.88149  254.886395
584  -292  1000015  2000011  276.230954  276.237122
584  -316  1000015  2000011  299.329847  299.337304
584  -341  1000015  2000011  324.313855  324.322636
584  -368  1000015  2000011  351.329831  351.33998
584  -398  1000015  2000011  380.536654  380.548222
584  -429  1000015  2000011  412.106157  412.119206
584  -464  1000015  2000011  446.224143  446.238743
584  -501  1000015  2000011  483.091466  483.107696
584  -541  1000015  2000011  522.925218  522.943168
584  -584  1000022  1000015  555.063902  565.959999
584  -631  1000015  2000011  565.956333  565.979757
584  -681  1000015  2000011  565.952072  565.979741
584  -735  1000015  2000011  565.947119  565.979724
584  -794  1000015  2000011  565.941363  565.979704
584  -857  1000015  2000011  565.934672  565.97968
584  -926  1000015  2000011  565.926895  565.979652
631  -100  2000011  2000013  90.8402777  90.8402777
631  -1000  1000015  2000011  612.41374  612.470878
631  -108  2000011  2000013  97.9387511  97.9387511
631  -116  2000011  2000013  105.744321  105.744321
631  -125  2000011  2000013  114.303039  114.303039
631  -136  2000011  2000013  123.664976  123.664976
631  -146  2000011  2000013  133.884662  133.884662
631  -158  2000011  2000013  145.021528  145.021528
631  -171  2000011  2000013  157.14033  157.14033
631  -184  2000011  2000013  170.311594  170.311594
631  -199  2000011  2000013  184.612069  184.612069
631  -215  1000015  2000011  200.124001  200.125201
631  -232  1000015  2000011  216.939214  216.941643
631  -251  1000015  2000011  235.156135  235.159798
631  -271  1000015  2000011  254.881489  254.886395
631  -292  1000015  2000011  276.230954  276.237122
631  -316  1000015  2000011  299.329847  299.337304
631  -341  1000015  2000011  324.313857  324.322636
631  -368  1000015  2000011  351.329834  351.33998
631  -398  1000015  2000011  380.536658  380.548222
631  -429  1000015  2000011  412.106164  412.119206
631  -464  1000015  2000011  446.224152  446.238743
631  -501  1000015  2000011  483.091477  483.107696
631  -541  1000015  2000011  522.925231  522.943168
631  -584  1000015  2000011  565.960016  565.97977
631  -631  1000022  1000015  601.647614  612.449322
631  -681  1000015  2000011  612.445379  612.47099
631  -735  1000015  2000011  612.440798  612.470974
631  -794  1000015  2000011  612.435474  612.470955
631  -857  1000015  2000011  612.429286  612.470933
631  -926  1000015  2000011  612.422096  612.470908
681  -100  2000011  2000013  90.8402778  90.8402778
681  -1000  1000015  2000011  662.637774  662.690652
681  -108  2000011  2000013  97.9387511  97.9387511
681  -116  2000011  2000013  105.744321  105.744321
681  -125  2000011  2000013  114.303039  114.303039
681  -136  2000011  2000013  123.664976  123.664976
681  -146  2000011  2000013  133.884662  133.884662
681  -158  2000011  2000013  145.021528  145.021528
681  -171  2000011  2000013  157.14033  157.14033
681  -184  2000011  2000013  170.311594  170.311594
681  -199  2000011  2000013  184.612069  184.612069
681  -215  1000015  2000011  200.124  200.125201
681  -232  1000015  2000011  216.939213  216.941643
681  -251  1000015  2000011  235.156134  235.159798
681  -271  1000015  2000011  254.881487  254.886395
681  -292  1000015  2000011  276.230953  276.237122
681  -316  1000015  2000011  299.329847  299.337304
681  -341  1000015  2000011  324.313857  324.322636
681  -368  1000015  2000011  351.329835  351.33998
681  -398  1000015  2000011  380.536661  380.548222
681  -429  1000015  2000011  412.106168  412.119206
681  -464  1000015  2000011  446.224158  446.238743
681  -501  1000015  2000011  483.091486  483.107696
681  -541  1000015  2000011  522.925243  522.943168
681  -584  1000015  2000011  565.96003  565.97977
681  -631  1000015  2000011  612.449339  612.471004
681  -681  1000022  1000015  651.952438  662.667043
681  -735  1000015  2000011  662.662803  662.69074
681  -794  1000015  2000011  662.657877  662.690723
681  -857  1000015  2000011  662.652153  662.690703
681  -926  1000015  2000011  662.645502  662.690679
735  -100  2000011  2000013  90.8402778  90.8402778
735  -1000  1000015  2000011  716.885866  716.934819
735  -108  2000011  2000013  97.9387512  97.9387512
735  -116  2000011  2000013  105.744321  105.744321
735  -125  2000011  2000013  114.303039  114.303039
735  -136  2000011  2000013  123.664976  123.664976
735  -146  2000011  2000013  133.884662  133.884662
735  -158  2000011  2000013  145.021528  145.021528
735  -171  2000011  2000013  157.14033  157.14033
735  -184  2000011  2000013  170.311594  170.311594
735  -199  2000011  2000013  184.612069  184.612069
735  -215  1000015  2000011  200.124  200.125201
735  -232  1000015  2000011  216.939211  216.941643
735  -251  1000015  2000011  235.156132  235.159798
735  -271  1000015  2000011  254.881485  254.886395
735  -292  1000015  2000011  276.230951  276.237122
735  -316  1000015  2000011  299.329845  299.337304
735  -341  1000015  2000011  324.313856  324.322636
735  -368  1000015  2000011  351.329836  351.33998
735  -398  1000015  2000011  380.536662  380.548222
735  -429  1000015  2000011  412.106172  412.119206
735  -464  1000015  2000011  446.224163  446.238743
735  -501  1000015  2000011  483.091494  483.107696
735  -541  1000015  2000011  522.925253  522.943168
735  -584  1000015  2000011  565.960043  565.97977
735  -631  1000015  2000011  612.449355  612.471004
735  -681  1000015  2000011  662.667062  662.690755
735  -735  1000022  1000015  706.274846  716.909028
735  -794  1000015  2000011  716.904469  716.934885
735  -857  1000015  2000011  716.899171  716.934866
735  -926  1000015  2000011  716.893016  716.934845
794  -100  2000011  2000013  90.8402779  90.8402779
794  -1000  1000015  2000011  775.477658  775.522994
794  -108  2000011  2000013  97.9387512  97.9387512
794  -116  2000011  2000013  105.744321  105.744321
794  -125  2000011  2000013  114.303039  114.303039
794  -136  2000011  2000013  123.664976  123.664976
794  -146  2000011  2000013  133.884662  133.884662
794  -158  2000011  2000013  145.021528  145.021528
794  -171  2000011  2000013  157.14033  157.14033
794  -184  2000011  2000013  170.311594  170.311594
794  -199  2000011  2000013  184.612069  184.612069
794  -215  1000015  2000011  200.123999  200.125201
794  -232  1000015  2000011  216.939209  216.941643
794  -251  1000015  2000011  235.15613  235.159798
794  -271  1000015  2000011  254.881483  254.886395
794  -292  1000015  2000011  276.230948  276.237122
794  -316  1000015  2000011  299.329843  299.337304
794  -341  1000015  2000011  324.313854  324.322636
794  -368  1000015  2000011  351.329835  351.33998
794  -398  1000015  2000011  380.536663  380.548222
794  -429  1000015  2000011  412.106173  412.119206
794  -464  1000015  2000011  446.224167  446.238743
794  -501  1000015  2000011  483.091499  483.107696
794  -541  1000015  2000011  522.925261  522.943168
794  -584  1000015  2000011  565.960053  565.97977
794  -631  1000015  2000011  612.449368  612.471004
794  -681  1000015  2000011  662.667079  662.690755
794  -735  1000015  2000011  716.909049  716.934901
794  -794  1000022  1000015  764.934993  775.494878
794  -857  1000015  2000011  775.489973  775.523037
794  -926  1000015  2000011  775.484276  775.523017
857  -100  2000011  2000013  90.8402779  90.8402779
857  -1000  1000015  2000011  838.758401  838.800403
857  -108  2000011  2000013  97.9387513  97.9387513
857  -116  2000011  2000013  105.744321  105.744321
857  -125  2000011  2000013  114.303039  114.303039
857  -136  2000011  2000013  123.664976  123.664976
857  -146  2000011  2000013  133.884662  133.884662
857  -158  2000011  2000013  145.021528  145.021528
857  -171  2000011  2000013  157.14033  157.14033
857  -184  2000011  2000013  170.311594  170.311594
857  -199  2000011  2000013  184.612069  184.612069
857  -215  1000015  2000011  200.123998  200.125201
857  -232  1000015  2000011  216.939208  216.941643
857  -251  1000015  2000011  235.156127  235.159798
857  -271  1000015  2000011  254.88148  254.886395
857  -292  1000015  2000011  276.230945  276.237122
857  -316  1000015  2000011  299.32984  299.337304
857  -341  1000015  2000011  324.313852  324.322636
857  -368  1000015  2000011  351.329833  351.33998
857  -398  1000015  2000011  380.536662  380.548222
857  -429  1000015  2000011  412.106173  412.119206
857  -464  1000015  2000011  446.224169  446.238743
857  -501  1000015  2000011  483.091503  483.107696
857  -541  1000015  2000011  522.925267  522.943168
857  -584  1000015  2000011  565.960062  565.97977
857  -631  1000015  2000011  612.44938  612.471004
857  -681  1000015  2000011  662.667093  662.690755
857  -735  1000015  2000011  716.909066  716.934901
857  -794  1000015  2000011  775.494899  775.523055
857  -857  1000022  1000015  828.278598  838.769806
857  -926  1000015  2000011  838.76453  838.800425
926  -100  2000011  2000013  90.840278  90.840278
926  -1000  1000015  2000011  907.100999  907.139927
926  -108  2000011  2000013  97.9387513  97.9387513
926  -116  2000011  2000013  105.744321  105.744321
926  -125  2000011  2000013  114.303039  114.303039
926  -136  2000011  2000013  123.664976  123.664976
926  -146  2000011  2000013  133.884662  133.884662
926  -158  2000011  2000013  145.021528  145.021528
926  -171  2000011  2000013  157.14033  157.14033
926  -184  2000011  2000013  170.311594  170.311594
926  -199  2000011  2000013  184.612069  184.612069
926  -215  1000015  2000011  200.123997  200.125201
926  -232  1000015  2000011  216.939206  216.941643
926  -251  1000015  2000011  235.156125  235.159798
926  -271  1000015  2000011  254.881476  254.886395
926  -292  1000015  2000011  276.230941  276.237122
926  -316  1000015  2000011  299.329836  299.337304
926  -341  1000015  2000011  324.313848  324.322636
926  -368  1000015  2000011  351.32983  351.33998
926  -398  1000015  2000011  380.536659  380.548222
926  -429  1000015  2000011  412.106172  412.119206
926  -464  1000015  2000011  446.224169  446.238743
926  -501  1000015  2000011  483.091504  483.107696
926  -541  1000015  2000011  522.92527  522.943168
926  -584  1000015  2000011  565.960068  565.97977
926  -631  1000015  2000011  612.449389  612.471004
926  -681  1000015  2000011  662.667105  662.690755
926  -735  1000015  2000011  716.909082  716.934902
926  -794  1000015  2000011  775.494918  775.523055
926  -857  1000015  2000011  838.769829  838.800444
926  -926  1000022  1000015  896.678989  907.106676
