150  100  1000015  1000022  80.9506706  100.977373
150  1000  1000015  1000022  96.5088105  116.509996
150  1025  1000015  1000022  96.7092676  116.710424
150  1050  1000015  1000022  96.8966129  116.897741
150  1075  1000015  1000022  97.0717495  117.072852
150  1100  1000015  1000022  97.2354962  117.236573
150  1125  1000015  1000022  97.3885964  117.389649
150  1150  1000015  1000022  97.5317276  117.532756
150  1175  1000015  1000022  97.6655077  117.666515
150  1200  1000015  1000022  97.7905019  117.791488
150  125  1000015  1000022  67.9332596  87.9455894
150  150  1000015  1000022  61.6771717  81.6858289
150  175  1000015  1000022  60.1511234  80.1580614
150  200  1000015  1000022  61.4510778  81.4569899
150  225  1000015  1000022  64.0354944  84.0406991
150  250  1000015  1000022  67.0317306  87.0364032
150  275  1000015  1000022  70.0126385  90.016888
150  300  1000015  1000022  72.7944363  92.7983385
150  325  1000015  1000022  75.314102  95.3177111
150  350  1000015  1000022  77.5647574  97.5681145
150  375  1000015  1000022  79.5635661  99.5667049
150  400  1000015  1000022  81.3363203  101.339268
150  425  1000015  1000022  82.9103083  102.913086
150  450  1000015  1000022  84.3112238  104.313851
150  475  1000015  1000022  85.5620165  105.564507
150  500  1000015  1000022  86.6826479  106.685016
150  525  1000015  1000022  87.6902455  107.692502
150  550  1000015  1000022  88.5994094  108.601565
150  575  1000015  1000022  89.4225555  109.424619
150  600  1000015  1000022  90.1702433  110.17222
150  625  1000015  1000022  90.8514683  110.853367
150  650  1000015  1000022  91.4739142  111.47574
150  675  1000015  1000022  92.0441651  112.045924
150  700  1000015  1000022  92.5678828  112.569579
150  725  1000015  1000022  93.0499551  113.051593
150  750  1000015  1000022  93.4946169  113.4962
150  775  1000015  1000022  93.9055522  113.907084
150  800  1000015  1000022  94.2859778  114.287462
150  825  1000015  1000022  94.6387128  114.640152
150  850  1000015  1000022  94.9662372  114.967633
150  875  1000015  1000022  95.2707399  115.272097
150  900  1000015  1000022  95.5541598  115.555479
150  925  1000015  1000022  95.81822  115.819502
150  950  1000015  1000022  96.0644565  116.065705
150  975  1000015  1000022  96.2942428  116.29546
175  100  1000015  1000022  73.8852858  93.9018912
175  1000  1000015  1000022  125.345851  145.346993
175  1025  1000015  1000022  125.648035  145.649149
175  1050  1000015  1000022  125.932226  145.933314
175  1075  1000015  1000022  126.199736  146.200799
175  1100  1000015  1000022  126.451747  146.452786
175  1125  1000015  1000022  126.689333  146.690349
175  1150  1000015  1000022  126.913466  146.91446
175  1175  1000015  1000022  127.125032  147.126005
175  1200  1000015  1000022  127.324837  147.32579
175  125  1000015  1000022  62.8410023  82.8502471
175  150  1000015  1000022  59.9478834  79.9548349
175  175  1000015  1000022  62.7784698  82.7842825
175  200  1000015  1000022  67.7989783  87.8040592
175  225  1000015  1000022  73.6117708  93.6163255
175  250  1000015  1000022  79.3232262  99.3273711
175  275  1000015  1000022  84.5698687  104.573679
175  300  1000015  1000022  89.2435065  109.247035
175  325  1000015  1000022  93.3491293  113.352416
175  350  1000015  1000022  96.9367881  116.939865
175  375  1000015  1000022  100.070062  120.072953
175  400  1000015  1000022  102.812138  122.814865
175  425  1000015  1000022  105.220262  125.222841
175  450  1000015  1000022  107.344084  127.346532
175  475  1000015  1000022  109.225731  129.22806
175  500  1000015  1000022  110.900559  130.90278
175  525  1000015  1000022  112.398104  132.400225
175  550  1000015  1000022  113.74302  133.74505
175  575  1000015  1000022  114.955914  134.957861
175  600  1000015  1000022  116.054061  136.055932
175  625  1000015  1000022  117.051994  137.053793
175  650  1000015  1000022  117.961991  137.963723
175  675  1000015  1000022  118.794471  138.796143
175  700  1000015  1000022  119.558315  139.559929
175  725  1000015  1000022  120.261131  140.262691
175  750  1000015  1000022  120.90946  140.910971
175  775  1000015  1000022  121.508957  141.51042
175  800  1000015  1000022  122.064527  142.065946
175  825  1000015  1000022  122.580446  142.581822
175  850  1000015  1000022  123.060452  143.061789
175  875  1000015  1000022  123.507829  143.50913
175  900  1000015  1000022  123.925475  143.926739
175  925  1000015  1000022  124.315947  144.317179
175  950  1000015  1000022  124.681521  144.682721
175  975  1000015  1000022  125.02422  145.02539
200  100  1000015  1000022  68.8019753  88.8141489
200  1000  1000015  1000022  153.004528  173.005632
200  1025  1000015  1000022  153.378601  173.379679
200  1050  1000015  1000022  153.730832  173.731885
200  1075  1000015  1000022  154.06287  174.0639
200  1100  1000015  1000022  154.376203  174.37721
200  1125  1000015  1000022  154.672174  174.673159
200  1150  1000015  1000022  154.951996  174.952961
200  1175  1000015  1000022  155.216774  175.217718
200  1200  1000015  1000022  155.467508  175.468434
200  125  1000015  1000022  60.3600923  80.3676412
200  150  1000015  1000022  61.18824  81.194175
200  175  1000015  1000022  67.7354406  87.7405313
200  200  1000015  1000022  76.4779368  96.4824774
200  225  1000015  1000022  84.9975675  105.001686
200  250  1000015  1000022  92.9945884  112.998371
200  275  1000015  1000022  100.17759  120.181093
200  300  1000015  1000022  106.492172  126.495435
200  325  1000015  1000022  111.987582  131.990636
200  350  1000015  1000022  116.752652  136.755523
200  375  1000015  1000022  120.885194  140.887902
200  400  1000015  1000022  124.478091  144.480653
200  425  1000015  1000022  127.613815  147.616247
200  450  1000015  1000022  130.36308  150.365392
200  475  1000015  1000022  132.785389  152.787594
200  500  1000015  1000022  134.930331  154.932437
200  525  1000015  1000022  136.839064  156.84108
200  550  1000015  1000022  138.545724  158.547658
200  575  1000015  1000022  140.078665  160.080523
200  600  1000015  1000022  141.461514  161.463299
200  625  1000015  1000022  142.714025  162.715745
200  650  1000015  1000022  143.852793  163.854452
200  675  1000015  1000022  144.891822  164.893424
200  700  1000015  1000022  145.842983  165.844532
200  725  1000015  1000022  146.716389  166.717888
200  750  1000015  1000022  147.520696  167.522148
200  775  1000015  1000022  148.26335  168.264758
200  800  1000015  1000022  148.950778  168.952143
200  825  1000015  1000022  149.588558  169.589885
200  850  1000015  1000022  150.181549  170.182839
200  875  1000015  1000022  150.734002  170.735256
200  900  1000015  1000022  151.249647  171.250868
200  925  1000015  1000022  151.731773  171.732964
200  950  1000015  1000022  152.183289  172.184448
200  975  1000015  1000022  152.606774  172.607906
225  100  1000015  1000022  64.9174677  84.9271335
225  1000  1000015  1000022  179.900892  199.901965
225  1025  1000015  1000022  180.334455  200.335503
225  1050  1000015  1000022  180.742645  200.74367
225  1075  1000015  1000022  181.127441  201.128443
225  1100  1000015  1000022  181.490621  201.491602
225  1125  1000015  1000022  181.833784  201.834743
225  1150  1000015  1000022  182.158375  202.159315
225  1175  1000015  1000022  182.465704  202.466624
225  1200  1000015  1000022  182.756956  202.757857
225  125  1000015  1000022  59.3690371  79.3754852
225  150  1000015  1000022  63.7910965  83.7963314
225  175  1000015  1000022  73.5561063  93.5606781
225  200  1000015  1000022  84.999401  105.003527
225  225  1000015  1000022  96.3463562  116.350146
225  250  1000015  1000022  106.39325  126.396753
225  275  1000015  1000022  115.382327  135.385589
225  300  1000015  1000022  123.276401  143.279454
225  325  1000015  1000022  130.14001  150.142879
225  350  1000015  1000022  136.080881  156.083589
225  375  1000015  1000022  141.218811  161.221373
225  400  1000015  1000022  145.66959  165.67202
225  425  1000015  1000022  149.537623  169.539933
225  450  1000015  1000022  152.913429  172.915631
225  475  1000015  1000022  155.873724  175.875828
225  500  1000015  1000022  158.482688  178.484701
225  525  1000015  1000022  160.793655  180.795585
225  550  1000015  1000022  162.850832  182.852685
225  575  1000015  1000022  164.690868  184.69265
225  600  1000015  1000022  166.344206  186.345922
225  625  1000015  1000022  167.836214  187.837868
225  650  1000015  1000022  169.188112  189.18971
225  675  1000015  1000022  170.417734  190.419277
225  700  1000015  1000022  171.540128  191.541622
225  725  1000015  1000022  172.568062  192.569508
225  750  1000015  1000022  173.512413  193.513815
225  775  1000015  1000022  174.382494  194.383854
225  800  1000015  1000022  175.186315  195.187638
225  825  1000015  1000022  175.930797  195.932081
225  850  1000015  1000022  176.621943  196.623193
225  875  1000015  1000022  177.264986  197.266202
225  900  1000015  1000022  177.864502  197.865686
225  925  1000015  1000022  178.424507  198.425662
225  950  1000015  1000022  178.948545  198.949673
225  975  1000015  1000022  179.439747  199.440846
250  100  1000015  1000022  61.7988369  81.8068765
250  1000  1000015  1000022  206.262056  226.263103
250  1025  1000015  1000022  206.749942  226.750964
250  1050  1000015  1000022  207.208926  227.209925
250  1075  1000015  1000022  207.641331  227.642308
250  1100  1000015  1000022  208.049238  228.050194
250  1125  1000015  1000022  208.434513  228.435449
250  1150  1000015  1000022  208.798839  228.799756
250  1175  1000015  1000022  209.143734  229.144632
250  1200  1000015  1000022  209.470572  229.471453
250  125  1000015  1000022  59.187731  79.1933911
250  150  1000015  1000022  66.8413721  86.8460796
250  175  1000015  1000022  79.3064765  99.3106437
250  200  1000015  1000022  93.0273486  113.031144
250  225  1000015  1000022  106.42111  126.42462
250  250  1000015  1000022  118.832758  138.836031
250  275  1000015  1000022  129.570122  149.573185
250  300  1000015  1000022  139.051695  159.054573
250  325  1000015  1000022  147.330925  167.333639
250  350  1000015  1000022  154.513855  174.516424
250  375  1000015  1000022  160.728211  180.730648
250  400  1000015  1000022  166.104333  186.10665
250  425  1000015  1000022  170.764372  190.76658
250  450  1000015  1000022  174.817168  194.819276
250  475  1000015  1000022  178.356696  198.358713
250  500  1000015  1000022  181.46254  201.464473
250  525  1000015  1000022  184.201323  204.203179
250  550  1000015  1000022  186.628478  206.630262
250  575  1000015  1000022  188.79002  208.791737
250  600  1000015  1000022  190.724147  210.725803
250  625  1000015  1000022  192.462633  212.46423
250  650  1000015  1000022  194.031983  214.033528
250  675  1000015  1000022  195.454394  215.455887
250  700  1000015  1000022  196.748531  216.749977
250  725  1000015  1000022  197.930163  217.931564
250  750  1000015  1000022  199.01267  219.01403
250  775  1000015  1000022  200.007462  220.008782
250  800  1000015  1000022  200.924312  220.925594
250  825  1000015  1000022  201.771627  221.772874
250  850  1000015  1000022  202.556673  222.557887
250  875  1000015  1000022  203.285758  223.28694
250  900  1000015  1000022  203.964376  223.965528
250  925  1000015  1000022  204.597336  224.59846
250  950  1000015  1000022  205.18886  225.189956
250  975  1000015  1000022  205.74267  225.743741
275  100  1000015  1000022  59.1956395  79.2025325
275  1000  1000015  1000022  232.224538  252.225559
275  1025  1000015  1000022  232.765236  252.766233
275  1050  1000015  1000022  233.273328  253.274304
275  1075  1000015  1000022  233.751514  253.752468
275  1100  1000015  1000022  234.2022  254.203135
275  1125  1000015  1000022  234.627545  254.628461
275  1150  1000015  1000022  235.029486  255.030383
275  1175  1000015  1000022  235.409767  255.410646
275  1200  1000015  1000022  235.769964  255.770825
275  125  1000015  1000022  59.424631  79.42969
275  150  1000015  1000022  69.889217  89.8935047
275  175  1000015  1000022  84.6031409  104.606978
275  200  1000015  1000022  100.252253  120.255772
275  225  1000015  1000022  115.449013  135.452285
275  250  1000015  1000022  129.607678  149.610746
275  275  1000015  1000022  142.479171  162.482061
275  300  1000015  1000022  153.559993  173.56272
275  325  1000015  1000022  163.31451  183.31709
275  350  1000015  1000022  171.826996  191.829444
275  375  1000015  1000022  179.216524  199.218852
275  400  1000015  1000022  185.616351  205.618569
275  425  1000015  1000022  191.159453  211.161571
275  450  1000015  1000022  195.969667  215.971693
275  475  1000015  1000022  200.157291  220.159232
275  500  1000015  1000022  203.817738  223.819601
275  525  1000015  1000022  207.032017  227.033807
275  550  1000015  1000022  209.868126  229.869848
275  575  1000015  1000022  212.382786  232.384446
275  600  1000015  1000022  214.623183  234.624785
275  625  1000015  1000022  216.628568  236.630116
275  650  1000015  1000022  218.43164  238.433136
275  675  1000015  1000022  220.059715  240.061165
275  700  1000015  1000022  221.535696  241.537099
275  725  1000015  1000022  222.878861  242.880222
275  750  1000015  1000022  224.105511  244.106832
275  775  1000015  1000022  225.229487  245.23077
275  800  1000015  1000022  226.262597  246.263845
275  825  1000015  1000022  227.21496  247.216175
275  850  1000015  1000022  228.095288  248.09647
275  875  1000015  1000022  228.911108  248.91226
275  900  1000015  1000022  229.668958  249.670081
275  925  1000015  1000022  230.374535  250.375631
275  950  1000015  1000022  231.032825  251.033894
275  975  1000015  1000022  231.648206  251.649251
300  100  1000015  1000022  56.9565193  76.9625577
300  1000  1000015  1000022  257.875358  277.876356
300  1025  1000015  1000022  258.469533  278.470508
300  1050  1000015  1000022  259.0271  279.028054
300  1075  1000015  1000022  259.551177  279.552111
300  1100  1000015  1000022  260.04454  280.045455
300  1125  1000015  1000022  260.509667  280.510563
300  1150  1000015  1000022  260.948778  280.949656
300  1175  1000015  1000022  261.363866  281.364728
300  1200  1000015  1000022  261.756727  281.757572
300  125  1000015  1000022  59.8617374  79.8663181
300  150  1000015  1000022  72.7399281  92.7438699
300  175  1000015  1000022  89.3286687  109.332226
300  200  1000015  1000022  106.611152  126.614434
300  225  1000015  1000022  123.384794  143.387861
300  250  1000015  1000022  139.130235  159.133122
300  275  1000015  1000022  153.600535  173.603267
300  300  1000015  1000022  166.684665  186.687257
300  325  1000015  1000022  177.95338  197.95584
300  350  1000015  1000022  187.874751  207.877091
300  375  1000015  1000022  196.542041  216.544271
300  400  1000015  1000022  204.07669  224.07882
300  425  1000015  1000022  210.611927  230.613965
300  450  1000015  1000022  216.280213  236.282165
300  475  1000015  1000022  221.205114  241.206986
300  500  1000015  1000022  225.497063  245.498862
300  525  1000015  1000022  229.251955  249.253687
300  550  1000015  1000022  232.551504  252.553172
300  575  1000015  1000022  235.464522  255.466131
300  600  1000015  1000022  238.048571  258.050124
300  625  1000015  1000022  240.351652  260.353154
300  650  1000015  1000022  242.413774  262.415228
300  675  1000015  1000022  244.268324  264.269732
300  700  1000015  1000022  245.943233  265.944599
300  725  1000015  1000022  247.461949  267.463273
300  750  1000015  1000022  248.844224  268.845511
300  775  1000015  1000022  250.106777  270.108027
300  800  1000015  1000022  251.263811  271.265027
300  825  1000015  1000022  252.327452  272.328636
300  850  1000015  1000022  253.308096  273.309249
300  875  1000015  1000022  254.214693  274.215818
300  900  1000015  1000022  255.054985  275.056082
300  925  1000015  1000022  255.835693  275.836763
300  950  1000015  1000022  256.562676  276.563721
300  975  1000015  1000022  257.241063  277.242084
325  100  1000015  1000022  54.98602  74.9913942
325  1000  1000015  1000022  283.272068  303.273045
325  1025  1000015  1000022  283.921886  303.922842
325  1050  1000015  1000022  284.530692  304.531628
325  1075  1000015  1000022  285.102081  305.102997
325  1100  1000015  1000022  285.639245  305.640142
325  1125  1000015  1000022  286.145023  306.145902
325  1150  1000015  1000022  286.621954  306.622815
325  1175  1000015  1000022  287.072308  307.073153
325  1200  1000015  1000022  287.498127  307.498956
325  125  1000015  1000022  60.3804536  80.3846423
325  150  1000015  1000022  75.3256395  95.3292886
325  175  1000015  1000022  93.4839853  113.487303
325  200  1000015  1000022  112.149342  132.152419
325  225  1000015  1000022  130.289029  150.291915
325  250  1000015  1000022  147.449906  167.452631
325  275  1000015  1000022  163.395783  183.39837
325  300  1000015  1000022  177.994058  197.996521
325  325  1000015  1000022  191.181798  211.184149
325  350  1000015  1000022  202.562277  222.564519
325  375  1000015  1000022  212.594309  232.596451
325  400  1000015  1000022  221.371964  241.374013
325  425  1000015  1000022  229.015034  249.016998
325  450  1000015  1000022  235.654601  255.656486
325  475  1000015  1000022  241.421375  261.423186
325  500  1000015  1000022  246.43783  266.439572
325  525  1000015  1000022  250.81393  270.815608
325  550  1000015  1000022  254.645576  274.647194
325  575  1000015  1000022  258.0148  278.016362
325  600  1000015  1000022  260.990908  280.992418
325  625  1000015  1000022  263.632039  283.6335
325  650  1000015  1000022  265.986788  285.988203
325  675  1000015  1000022  268.095737  288.097108
325  700  1000015  1000022  269.992808  289.994138
325  725  1000015  1000022  271.706419  291.707711
325  750  1000015  1000022  273.260451  293.261707
325  775  1000015  1000022  274.675045  294.676266
325  800  1000015  1000022  275.967256  295.968444
325  825  1000015  1000022  277.151586  297.152743
325  850  1000015  1000022  278.240422  298.24155
325  875  1000015  1000022  279.244388  299.245487
325  900  1000015  1000022  280.172635  300.173707
325  925  1000015  1000022  281.033078  301.034125
325  950  1000015  1000022  281.832592  301.833615
325  975  1000015  1000022  282.577173  302.578173
350  100  1000015  1000022  53.2214011  73.2262447
350  1000  1000015  1000022  308.453508  328.454466
350  1025  1000015  1000022  309.162326  329.163265
350  1050  1000015  1000022  309.825225  329.826143
350  1075  1000015  1000022  310.44635  330.447249
350  1100  1000015  1000022  311.029368  331.030248
350  1125  1000015  1000022  311.577531  331.578394
350  1150  1000015  1000022  312.093737  332.094583
350  1175  1000015  1000022  312.580573  332.581403
350  1200  1000015  1000022  313.040355  333.041169
350  125  1000015  1000022  60.9176989  80.9215594
350  150  1000015  1000022  77.6375867  97.6409854
350  175  1000015  1000022  97.1175473  117.120655
350  200  1000015  1000022  116.953989  136.956884
350  225  1000015  1000022  136.267622  156.270347
350  250  1000015  1000022  154.670707  174.673289
350  275  1000015  1000022  171.94698  191.949437
350  300  1000015  1000022  187.954877  207.957223
350  325  1000015  1000022  202.601867  222.604112
350  350  1000015  1000022  215.841684  235.843836
350  375  1000015  1000022  227.293627  247.295688
350  400  1000015  1000022  237.404072  257.406048
350  425  1000015  1000022  246.264876  266.266773
350  450  1000015  1000022  253.992766  273.994589
350  475  1000015  1000022  260.715965  280.717719
350  500  1000015  1000022  266.562998  286.564687
350  525  1000015  1000022  271.654929  291.656558
350  550  1000015  1000022  276.100984  296.102556
350  575  1000015  1000022  279.996827  299.998346
350  600  1000015  1000022  283.424588  303.426058
350  625  1000015  1000022  286.453877  306.4553
350  650  1000015  1000022  289.143239  309.144617
350  675  1000015  1000022  291.541716  311.543053
350  700  1000015  1000022  293.690342  313.69164
350  725  1000015  1000022  295.623468  315.624729
350  750  1000015  1000022  297.369908  317.371134
350  775  1000015  1000022  298.953901  318.955094
350  800  1000015  1000022  300.395908  320.397069
350  825  1000015  1000022  301.713269  321.7144
350  850  1000015  1000022  302.920736  322.921839
350  875  1000015  1000022  304.030917  324.031993
350  900  1000015  1000022  305.054628  325.055678
350  925  1000015  1000022  306.001191  326.002217
350  950  1000015  1000022  306.878671  326.879673
350  975  1000015  1000022  307.694073  327.695052
375  100  1000015  1000022  51.6197652  71.6241736
375  1000  1000015  1000022  333.445972  353.446912
375  1025  1000015  1000022  334.218204  354.219124
375  1050  1000015  1000022  334.939007  354.939908
375  1075  1000015  1000022  335.613159  355.614041
375  1100  1000015  1000022  336.244873  356.245737
375  1125  1000015  1000022  336.837876  356.838724
375  1150  1000015  1000022  337.395478  357.39631
375  1175  1000015  1000022  337.920625  357.921441
375  1200  1000015  1000022  338.415947  358.416747
375  125  1000015  1000022  61.441026  81.4446069
375  150  1000015  1000022  79.6924405  99.6956206
375  175  1000015  1000022  100.292508  120.295432
375  200  1000015  1000022  121.122372  141.125105
375  225  1000015  1000022  141.439687  161.442268
375  250  1000015  1000022  160.919473  180.921924
375  275  1000015  1000022  179.372047  199.374386
375  300  1000015  1000022  196.658989  216.661227
375  325  1000015  1000022  212.671656  232.673803
375  350  1000015  1000022  227.331629  247.333692
375  375  1000015  1000022  240.597783  260.599767
375  400  1000015  1000022  252.098358  272.100264
375  425  1000015  1000022  262.267397  282.26923
375  450  1000015  1000022  271.193561  291.195326
375  475  1000015  1000022  278.990152  298.991852
375  500  1000015  1000022  285.782401  305.784041
375  525  1000015  1000022  291.696574  311.698156
375  550  1000015  1000022  296.852234  316.853764
375  575  1000015  1000022  301.357761  321.359241
375  600  1000015  1000022  305.308459  325.309891
375  625  1000015  1000022  308.78643  328.787817
375  650  1000015  1000022  311.861463  331.862808
375  675  1000015  1000022  314.592398  334.593703
375  700  1000015  1000022  317.028626  337.029894
375  725  1000015  1000022  319.211541  339.212774
375  750  1000015  1000022  321.175847  341.177046
375  775  1000015  1000022  322.950688  342.951855
375  800  1000015  1000022  324.560604  344.561741
375  825  1000015  1000022  326.026329  346.027437
375  850  1000015  1000022  327.365444  347.366525
375  875  1000015  1000022  328.592919  348.593973
375  900  1000015  1000022  329.721548  349.722578
375  925  1000015  1000022  330.762317  350.763323
375  950  1000015  1000022  331.724694  351.725676
375  975  1000015  1000022  332.616872  352.617833
400  100  1000015  1000022  50.1506735  70.1547192
400  1000  1000015  1000022  358.266909  378.267832
400  1025  1000015  1000022  359.108009  379.108912
400  1050  1000015  1000022  359.891445  379.89233
400  1075  1000015  1000022  360.622734  380.623601
400  1100  1000015  1000022  361.306723  381.307573
400  1125  1000015  1000022  361.947687  381.94852
400  1150  1000015  1000022  362.549408  382.550226
400  1175  1000015  1000022  363.115244  383.116046
400  1200  1000015  1000022  363.648184  383.648971
400  125  1000015  1000022  61.9347746  81.9381142
400  150  1000015  1000022  81.5161305  101.519118
400  175  1000015  1000022  103.072164  123.074924
400  200  1000015  1000022  124.747398  144.749987
400  225  1000015  1000022  145.920943  165.923393
400  250  1000015  1000022  166.326313  186.328646
400  275  1000015  1000022  185.803783  205.806014
400  300  1000015  1000022  204.227101  224.229241
400  325  1000015  1000022  221.484242  241.486298
400  350  1000015  1000022  237.478023  257.480002
400  375  1000015  1000022  252.134606  272.136514
400  400  1000015  1000022  265.413698  285.41554
400  425  1000015  1000022  276.949182  296.950955
400  450  1000015  1000022  287.163899  307.165609
400  475  1000015  1000022  296.143151  316.144801
400  500  1000015  1000022  303.996881  323.998474
400  525  1000015  1000022  310.847441  330.848981
400  550  1000015  1000022  316.818911  336.8204
400  575  1000015  1000022  322.029375  342.030817
400  600  1000015  1000022  326.586336  346.587733
400  625  1000015  1000022  330.584679  350.586033
400  650  1000015  1000022  334.106404  354.107718
400  675  1000015  1000022  337.221401  357.222677
400  700  1000015  1000022  339.988724  359.989964
400  725  1000015  1000022  342.458041  362.459247
400  750  1000015  1000022  344.671041  364.672215
400  775  1000015  1000022  346.662723  366.663866
400  800  1000015  1000022  348.46251  368.463623
400  825  1000015  1000022  350.095201  370.096287
400  850  1000015  1000022  351.581764  371.582823
400  875  1000015  1000022  352.93999  372.941024
400  900  1000015  1000022  354.185036  374.186045
400  925  1000015  1000022  355.329862  375.330849
400  950  1000015  1000022  356.3856  376.386564
400  975  1000015  1000022  357.361846  377.362789
425  100  1000015  1000022  48.7917751  68.7955134
425  1000  1000015  1000022  382.927219  402.928126
425  1025  1000015  1000022  383.843721  403.84461
425  1050  1000015  1000022  384.695469  404.696339
425  1075  1000015  1000022  385.488841  405.489694
425  1100  1000015  1000022  386.229424  406.23026
425  1125  1000015  1000022  386.922126  406.922946
425  1150  1000015  1000022  387.571278  407.572083
425  1175  1000015  1000022  388.180711  408.1815
425  1200  1000015  1000022  388.753825  408.7546
425  125  1000015  1000022  62.3924078  82.3955367
425  150  1000015  1000022  83.1363422  103.139161
425  175  1000015  1000022  105.514095  125.516707
425  200  1000015  1000022  127.911811  147.914269
425  225  1000015  1000022  149.816013  169.818345
425  250  1000015  1000022  171.013514  191.015739
425  275  1000015  1000022  191.375143  211.377276
425  300  1000015  1000022  210.792189  230.794237
425  325  1000015  1000022  229.158893  249.160865
425  350  1000015  1000022  246.371943  266.373845
425  375  1000015  1000022  262.337804  282.339641
425  400  1000015  1000022  276.983668  296.985444
425  425  1000015  1000022  290.268522  310.27024
425  450  1000015  1000022  301.830227  321.831885
425  475  1000015  1000022  312.081772  332.083375
425  500  1000015  1000022  321.105257  341.106807
425  525  1000015  1000022  329.007499  349.008998
425  550  1000015  1000022  335.908174  355.909625
425  575  1000015  1000022  341.929309  361.930716
425  600  1000015  1000022  347.187581  367.188944
425  625  1000015  1000022  351.789626  371.790949
425  650  1000015  1000022  355.829887  375.831172
425  675  1000015  1000022  359.390221  379.391469
425  700  1000015  1000022  362.540559  382.541773
425  725  1000015  1000022  365.340118  385.341299
425  750  1000015  1000022  367.838786  387.839936
425  775  1000015  1000022  370.0785  390.07962
425  800  1000015  1000022  372.094506  392.095597
425  825  1000015  1000022  373.916468  393.917533
425  850  1000015  1000022  375.56941  395.570449
425  875  1000015  1000022  377.074503  397.075518
425  900  1000015  1000022  378.449724  398.450715
425  925  1000015  1000022  379.710391  399.711361
425  950  1000015  1000022  380.869615  400.870562
425  975  1000015  1000022  381.938653  401.93958
450  100  1000015  1000022  47.5261406  67.529615
450  1000  1000015  1000022  407.432693  427.433586
450  1025  1000015  1000022  408.432313  428.433188
450  1050  1000015  1000022  409.359076  429.359933
450  1075  1000015  1000022  410.220371  430.22121
450  1100  1000015  1000022  411.022647  431.023471
450  1125  1000015  1000022  411.771554  431.772362
450  1150  1000015  1000022  412.472057  432.47285
450  1175  1000015  1000022  413.128535  433.129313
450  1200  1000015  1000022  413.744864  433.745628
450  125  1000015  1000022  62.8122707  82.815214
450  150  1000015  1000022  84.5792507  104.581916
450  175  1000015  1000022  107.668357  127.670837
450  200  1000015  1000022  130.686692  150.689031
450  225  1000015  1000022  153.215764  173.217988
450  250  1000015  1000022  175.090225  195.092351
450  275  1000015  1000022  196.210191  216.212232
450  300  1000015  1000022  216.486791  236.488755
450  325  1000015  1000022  235.826543  255.828436
450  350  1000015  1000022  254.129702  274.131532
450  375  1000015  1000022  271.295379  291.297148
450  400  1000015  1000022  287.230836  307.232549
450  425  1000015  1000022  301.863018  321.864678
450  450  1000015  1000022  315.149727  335.151337
450  475  1000015  1000022  326.731894  346.733452
450  500  1000015  1000022  337.013937  357.015445
450  525  1000015  1000022  346.075026  366.076486
450  550  1000015  1000022  354.019131  374.020547
450  575  1000015  1000022  360.963481  380.964853
450  600  1000015  1000022  367.028209  387.029541
450  625  1000015  1000022  372.328665  392.329958
450  650  1000015  1000022  376.970657  396.971914
450  675  1000015  1000022  381.048183  401.049405
450  700  1000015  1000022  384.642925  404.644114
450  725  1000015  1000022  387.824827  407.825984
450  750  1000015  1000022  390.653221  410.654348
450  775  1000015  1000022  393.178177  413.179275
450  800  1000015  1000022  395.441838  415.442909
450  825  1000015  1000022  397.479665  417.48071
450  850  1000015  1000022  399.321531  419.322552
450  875  1000015  1000022  400.992655  420.993652
450  900  1000015  1000022  402.514389  422.515363
450  925  1000015  1000022  403.90487  423.905823
450  950  1000015  1000022  405.179567  425.180498
450  975  1000015  1000022  406.351716  426.352627
475  100  1000015  1000022  46.3405867  66.3438321
475  1000  1000015  1000022  431.784908  451.785787
475  1025  1000015  1000022  432.876692  452.877552
475  1050  1000015  1000022  433.886315  453.887158
475  1075  1000015  1000022  434.822359  454.823186
475  1100  1000015  1000022  435.692288  455.693099
475  1125  1000015  1000022  436.502614  456.503409
475  1150  1000015  1000022  437.259043  457.259824
475  1175  1000015  1000022  437.966591  457.967357
475  1200  1000015  1000022  438.629682  458.630435
475  125  1000015  1000022  63.1952391  83.1980174
475  150  1000015  1000022  85.8682886  105.870818
475  175  1000015  1000022  109.577485  129.579845
475  200  1000015  1000022  133.131921  153.134152
475  225  1000015  1000022  156.19729  176.199416
475  250  1000015  1000022  178.6508  198.652836
475  275  1000015  1000022  200.419572  220.421529
475  300  1000015  1000022  221.434736  241.436622
475  325  1000015  1000022  241.618014  261.619835
475  350  1000015  1000022  260.879423  280.881184
475  375  1000015  1000022  279.120279  299.121985
475  400  1000015  1000022  296.239915  316.241569
475  425  1000015  1000022  312.145411  332.147016
475  450  1000015  1000022  326.763088  346.764646
475  475  1000015  1000022  340.049522  360.051036
475  500  1000015  1000022  351.648174  371.649642
475  525  1000015  1000022  361.956018  381.957442
475  550  1000015  1000022  371.049592  391.050973
475  575  1000015  1000022  379.030299  399.03164
475  600  1000015  1000022  386.013145  406.014447
475  625  1000015  1000022  392.116526  412.117791
475  650  1000015  1000022  397.454558  417.455788
475  675  1000015  1000022  402.132262  422.133458
475  700  1000015  1000022  406.243197  426.244362
475  725  1000015  1000022  409.86886  429.869995
475  750  1000015  1000022  413.079177  433.080283
475  775  1000015  1000022  415.933572  435.93465
475  800  1000015  1000022  418.482258  438.48331
475  825  1000015  1000022  420.767557  440.768584
475  850  1000015  1000022  422.825116  442.826118
475  875  1000015  1000022  424.684988  444.685968
475  900  1000015  1000022  426.372567  446.373525
475  925  1000015  1000022  427.909364  447.9103
475  950  1000015  1000022  429.313662  449.314578
475  975  1000015  1000022  430.601058  450.601955
500  100  1000015  1000022  45.2245947  65.2276395
500  1000  1000015  1000022  455.981756  475.982621
500  1025  1000015  1000022  457.176272  477.177119
500  1050  1000015  1000022  458.277904  478.278735
500  1075  1000015  1000022  459.296642  479.297457
500  1100  1000015  1000022  460.241143  480.241943
500  1125  1000015  1000022  461.118936  481.11972
500  1150  1000015  1000022  461.936591  481.937361
500  1175  1000015  1000022  462.699866  482.700622
500  1200  1000015  1000022  463.413825  483.414567
500  125  1000015  1000022  63.5434174  83.5460484
500  150  1000015  1000022  87.0238663  107.026272
500  175  1000015  1000022  111.277212  131.279464
500  200  1000015  1000022  135.297443  155.299575
500  225  1000015  1000022  158.825137  178.827172
500  250  1000015  1000022  181.775203  201.777155
500  275  1000015  1000022  204.099082  224.100961
500  300  1000015  1000022  225.746812  245.748625
500  325  1000015  1000022  246.656052  266.657805
500  350  1000015  1000022  266.749756  286.751454
500  375  1000015  1000022  285.937656  305.939302
500  400  1000015  1000022  304.12053  324.122128
500  425  1000015  1000022  321.197261  341.198814
500  450  1000015  1000022  337.074489  357.075999
500  475  1000015  1000022  351.677877  371.679346
500  500  1000015  1000022  364.962896  384.964326
500  525  1000015  1000022  376.575184  396.576572
500  550  1000015  1000022  386.905234  406.906582
500  575  1000015  1000022  396.027237  416.028547
500  600  1000015  1000022  404.040293  424.041567
500  625  1000015  1000022  411.05739  431.058629
500  650  1000015  1000022  417.195335  437.19654
500  675  1000015  1000022  422.567101  442.568274
500  700  1000015  1000022  427.276968  447.27811
500  725  1000015  1000022  431.41807  451.419183
500  750  1000015  1000022  435.071713  455.072798
500  775  1000015  1000022  438.307787  458.308846
500  800  1000015  1000022  441.185781  461.186814
500  825  1000015  1000022  443.756032  463.757041
500  850  1000015  1000022  446.061012  466.061997
500  875  1000015  1000022  448.136529  468.137493
500  900  1000015  1000022  450.0128  470.013742
500  925  1000015  1000022  451.71537  471.716292
500  950  1000015  1000022  453.265893  473.266795
500  975  1000015  1000022  454.682784  474.683667
525  100  1000015  1000022  44.1695923  64.17246
525  1000  1000015  1000022  480.017716  500.018569
525  1025  1000015  1000022  481.327302  501.328137
525  1050  1000015  1000022  482.531595  502.532414
525  1075  1000015  1000022  483.642256  503.643059
525  1100  1000015  1000022  484.669351  504.670139
525  1125  1000015  1000022  485.621603  505.622376
525  1150  1000015  1000022  486.506601  506.50736
525  1175  1000015  1000022  487.33097  507.331717
525  1200  1000015  1000022  488.100517  508.10125
525  125  1000015  1000022  63.8594232  83.8619215
525  150  1000015  1000022  88.0635139  108.065808
525  175  1000015  1000022  112.79741  132.799561
525  200  1000015  1000022  137.224734  157.226776
525  225  1000015  1000022  161.152968  181.15492
525  250  1000015  1000022  184.53041  204.532284
525  275  1000015  1000022  207.330103  227.33191
525  300  1000015  1000022  229.519287  249.521033
525  325  1000015  1000022  251.050967  271.052657
525  350  1000015  1000022  271.862031  291.86367
525  375  1000015  1000022  291.873898  311.875489
525  400  1000015  1000022  310.99496  330.996506
525  425  1000015  1000022  329.125086  349.126589
525  450  1000015  1000022  346.162595  366.164059
525  475  1000015  1000022  362.013703  382.015128
525  500  1000015  1000022  376.603505  396.604894
525  525  1000015  1000022  389.886528  409.887882
525  550  1000015  1000022  401.51034  421.511656
525  575  1000015  1000022  411.859772  431.861052
525  600  1000015  1000022  421.006923  441.008169
525  625  1000015  1000022  429.048824  449.050036
525  650  1000015  1000022  436.096636  456.097817
525  675  1000015  1000022  442.26571  462.266861
525  700  1000015  1000022  447.667965  467.669086
525  725  1000015  1000022  452.406982  472.408075
525  750  1000015  1000022  456.575489  476.576555
525  775  1000015  1000022  460.254599  480.255639
525  800  1000015  1000022  463.514155  483.515171
525  825  1000015  1000022  466.413693  486.414685
525  850  1000015  1000022  469.00365  489.00462
525  875  1000015  1000022  471.326631  491.327579
525  900  1000015  1000022  473.418587  493.419514
525  925  1000015  1000022  475.309875  495.310783
525  950  1000015  1000022  477.02618  497.027068
525  975  1000015  1000022  478.589283  498.590153
550  100  1000015  1000022  43.1684648  63.1711745
550  1000  1000015  1000022  503.883921  523.884761
550  1025  1000015  1000022  505.322987  525.323811
550  1050  1000015  1000022  506.64235  526.643158
550  1075  1000015  1000022  507.855653  527.856445
550  1100  1000015  1000022  508.974633  528.975411
550  1125  1000015  1000022  510.009427  530.01019
550  1150  1000015  1000022  510.96882  530.969569
550  1175  1000015  1000022  511.860456  531.861192
550  1200  1000015  1000022  512.69101  532.691733
550  125  1000015  1000022  64.1459993  84.1483776
550  150  1000015  1000022  89.002185  109.004376
550  175  1000015  1000022  114.163026  134.165087
550  200  1000015  1000022  138.948208  158.950167
550  225  1000015  1000022  163.22528  183.227155
550  250  1000015  1000022  186.972167  206.97397
550  275  1000015  1000022  210.180974  230.182713
550  300  1000015  1000022  232.834236  252.835919
550  325  1000015  1000022  254.899023  274.900653
550  350  1000015  1000022  276.325804  296.327386
550  375  1000015  1000022  297.048824  317.050362
550  400  1000015  1000022  316.987402  336.988898
550  425  1000015  1000022  336.04849  356.049946
550  450  1000015  1000022  354.131091  374.132511
550  475  1000015  1000022  371.133053  391.134437
550  500  1000015  1000022  386.960265  406.961615
550  525  1000015  1000022  401.537383  421.538701
550  550  1000015  1000022  414.81815  434.819436
550  575  1000015  1000022  426.451876  446.453128
550  600  1000015  1000022  436.81842  456.819639
550  625  1000015  1000022  445.988015  465.989203
550  650  1000015  1000022  454.055832  474.056989
550  675  1000015  1000022  461.131373  481.132502
550  700  1000015  1000022  467.328658  487.329758
550  725  1000015  1000022  472.758626  492.759699
550  750  1000015  1000022  477.524207  497.525255
550  775  1000015  1000022  481.717742  501.718765
550  800  1000015  1000022  485.420151  505.42115
550  825  1000015  1000022  488.701222  508.702197
550  850  1000015  1000022  491.620522  511.621476
550  875  1000015  1000022  494.228576  514.229509
550  900  1000015  1000022  496.568101  516.569014
550  925  1000015  1000022  498.675175  518.676068
550  950  1000015  1000022  500.580283  520.581158
550  975  1000015  1000022  502.309232  522.310089
575  100  1000015  1000022  42.2152141  62.2177825
575  1000  1000015  1000022  527.568061  547.568889
575  1025  1000015  1000022  529.153464  549.154276
575  1050  1000015  1000022  530.602367  550.603164
575  1075  1000015  1000022  531.930777  551.931559
575  1100  1000015  1000022  533.152417  553.153184
575  1125  1000015  1000022  534.279097  554.27985
575  1150  1000015  1000022  535.321015  555.321755
575  1175  1000015  1000022  536.287017  556.287744
575  1200  1000015  1000022  537.184795  557.18551
575  125  1000015  1000022  64.4058115  84.4080808
575  150  1000015  1000022  89.8526029  109.854701
575  175  1000015  1000022  115.394922  135.396899
575  200  1000015  1000022  140.49646  160.498344
575  225  1000015  1000022  165.07897  185.080774
575  250  1000015  1000022  189.146759  209.148495
575  275  1000015  1000022  212.708712  232.710389
575  300  1000015  1000022  235.760796  255.76242
575  325  1000015  1000022  258.282592  278.284167
575  350  1000015  1000022  280.237082  300.238612
575  375  1000015  1000022  301.571122  321.57261
575  400  1000015  1000022  322.216175  342.217624
575  425  1000015  1000022  342.089607  362.091019
575  450  1000015  1000022  361.09713  381.098508
575  475  1000015  1000022  379.137057  399.138402
575  500  1000015  1000022  396.106903  416.108215
575  525  1000015  1000022  411.912351  431.913633
575  550  1000015  1000022  426.477739  446.478992
575  575  1000015  1000022  439.756173  459.757397
575  600  1000015  1000022  451.398554  471.399748
575  625  1000015  1000022  461.780348  481.781512
575  650  1000015  1000022  470.970127  490.971262
575  675  1000015  1000022  479.061378  499.062485
575  700  1000015  1000022  486.162099  506.163179
575  725  1000015  1000022  492.385085  512.386139
575  750  1000015  1000022  497.840371  517.8414
575  775  1000015  1000022  502.630276  522.631282
575  800  1000015  1000022  506.846772  526.847755
575  825  1000015  1000022  510.570591  530.571552
575  850  1000015  1000022  513.87146  533.872399
575  875  1000015  1000022  516.808967  536.809886
575  900  1000015  1000022  519.433711  539.43461
575  925  1000015  1000022  521.788506  541.789387
575  950  1000015  1000022  523.909542  543.910405
575  975  1000015  1000022  525.827421  545.828266
600  100  1000015  1000022  41.3047151  61.3071566
600  1000  1000015  1000022  551.054146  571.054963
600  1025  1000015  1000022  552.805633  572.806434
600  1050  1000015  1000022  554.400983  574.401769
600  1075  1000015  1000022  555.85902  575.859792
600  1100  1000015  1000022  557.195833  577.19659
600  1125  1000015  1000022  558.425217  578.425961
600  1150  1000015  1000022  559.559049  579.55978
600  1175  1000015  1000022  560.607588  580.608306
600  1200  1000015  1000022  561.579729  581.580434
600  125  1000015  1000022  64.6413509  84.643521
600  150  1000015  1000022  90.6255934  110.627605
600  175  1000015  1000022  116.510588  136.512488
600  200  1000015  1000022  141.893317  161.895128
600  225  1000015  1000022  166.744692  186.746429
600  250  1000015  1000022  191.092615  211.09429
600  275  1000015  1000022  214.96076  234.962379
600  300  1000015  1000022  238.356813  258.358381
600  325  1000015  1000022  261.271292  281.272815
600  350  1000015  1000022  283.678322  303.679803
600  375  1000015  1000022  305.536422  325.537864
600  400  1000015  1000022  326.789075  346.79048
600  425  1000015  1000022  347.36533  367.366701
600  450  1000015  1000022  367.180941  387.182278
600  475  1000015  1000022  386.140641  406.141948
600  500  1000015  1000022  404.142249  424.143526
600  525  1000015  1000022  421.083083  441.084331
600  550  1000015  1000022  436.868732  456.869953
600  575  1000015  1000022  451.423324  471.424518
600  600  1000015  1000022  464.699451  484.700619
600  625  1000015  1000022  476.34948  496.35062
600  650  1000015  1000022  486.744976  506.746089
600  675  1000015  1000022  495.953021  515.954108
600  700  1000015  1000022  504.065583  524.066644
600  725  1000015  1000022  511.189285  531.190321
600  750  1000015  1000022  517.435796  537.436808
600  775  1000015  1000022  522.914313  542.915303
600  800  1000015  1000022  527.726586  547.727553
600  825  1000015  1000022  531.964233  551.965179
600  850  1000015  1000022  535.707804  555.708729
600  875  1000015  1000022  539.026962  559.027867
600  900  1000015  1000022  541.981308  561.982194
600  925  1000015  1000022  544.6215  564.622368
600  950  1000015  1000022  546.990441  566.991291
600  975  1000015  1000022  549.124421  569.125255
