10000  100  1000012  1000014  47.3891923  47.3891923
10000  1000  1000012  1000014  977.87818  977.87818
10000  10000  1000001  2000001  9000.0  9000.0
10000  116  1000012  1000014  71.9419339  71.9419339
10000  1166  1000012  1000014  1144.10032  1144.10032
10000  1359  1000012  1000014  1337.80465  1337.80465
10000  136  1000012  1000014  96.3680858  96.3680858
10000  158  1000012  1000014  122.576617  122.576617
10000  1584  1000012  1000014  1563.5653  1563.5653
10000  184  1000012  1000014  151.656932  151.656932
10000  1847  1000012  1000014  1826.71306  1826.71306
10000  215  1000012  1000014  184.509851  184.509851
10000  2154  1000012  1000014  2133.46131  2133.46131
10000  251  1000012  1000014  222.022351  222.022351
10000  2511  1000012  1000014  2491.05273  2491.05273
10000  292  1000012  1000014  265.142881  265.142881
10000  2928  1000012  1000014  2907.93035  2907.93035
10000  341  1000012  1000014  314.926944  314.926944
10000  3414  1000012  1000014  3393.93692  3393.93692
10000  398  1000012  1000014  372.573171  372.573171
10000  3981  1000012  1000014  3960.54728  3960.54728
10000  464  1000012  1000014  439.457449  439.457449
10000  4641  1000012  1000014  4621.13937  4621.13937
10000  541  1000012  1000014  517.168648  517.168648
10000  5411  1000012  1000014  5391.31001  5391.31001
10000  6309  1000015  1000012  6289.24131  6289.24319
10000  631  1000012  1000014  607.548033  607.548033
10000  735  1000012  1000014  712.733872  712.733872
10000  7356  1000015  1000012  7335.79801  7336.13941
10000  857  1000012  1000014  835.21264  835.21264
10000  8577  1000015  1000012  8555.53615  8556.71624
1000  100  1000012  1000014  47.3891923  47.3891923
1000  1000  1000022  1000024  942.766187  943.573404
1000  10000  1000015  1000012  976.763955  977.87818
1000  116  1000012  1000014  71.9419339  71.9419339
1000  1166  1000012  1000014  977.87818  977.87818
1000  1359  1000012  1000014  977.87818  977.87818
1000  136  1000012  1000014  96.3680858  96.3680858
1000  158  1000012  1000014  122.576617  122.576617
1000  1584  1000012  1000014  977.87818  977.87818
1000  184  1000012  1000014  151.656932  151.656932
1000  1847  1000012  1000014  977.87818  977.87818
1000  215  1000012  1000014  184.509851  184.509851
1000  2154  1000012  1000014  977.87818  977.87818
1000  251  1000012  1000014  222.022351  222.022351
1000  2511  1000012  1000014  977.87818  977.87818
1000  292  1000012  1000014  265.142881  265.142881
1000  2928  1000012  1000014  977.87818  977.87818
1000  341  1000012  1000014  314.926944  314.926944
1000  3414  1000012  1000014  977.87818  977.87818
1000  398  1000012  1000014  372.573171  372.573171
1000  3981  1000012  1000014  977.87818  977.87818
1000  464  1000012  1000014  439.457449  439.457449
1000  4641  1000012  1000014  977.87818  977.87818
1000  541  1000012  1000014  517.168648  517.168648
1000  5411  1000012  1000014  977.87818  977.87818
1000  6309  1000012  1000014  977.87818  977.87818
1000  631  1000012  1000014  607.548033  607.548033
1000  735  1000012  1000014  712.733872  712.733872
1000  7356  1000012  1000014  977.87818  977.87818
1000  857  1000012  1000014  835.21264  835.21264
1000  8577  1000015  1000012  977.860691  977.87818
100  100  1000012  1000014  47.3891923  47.3891923
100  1000  1000012  1000014  47.3891923  47.3891923
100  10000  1000015  1000012  33.8238121  47.3891923
100  116  1000012  1000014  47.3891923  47.3891923
100  1166  1000012  1000014  47.3891923  47.3891923
100  1359  1000012  1000014  47.3891923  47.3891923
100  136  1000012  1000014  47.3891923  47.3891923
100  158  1000012  1000014  47.3891923  47.3891923
100  1584  1000012  1000014  47.3891923  47.3891923
100  184  1000012  1000014  47.3891923  47.3891923
100  1847  1000012  1000014  47.3891923  47.3891923
100  215  1000012  1000014  47.3891923  47.3891923
100  2154  1000012  1000014  47.3891923  47.3891923
100  251  1000012  1000014  47.3891923  47.3891923
100  2511  1000012  1000014  47.3891923  47.3891923
100  292  1000012  1000014  47.3891923  47.3891923
100  2928  1000012  1000014  47.3891923  47.3891923
100  341  1000012  1000014  47.3891923  47.3891923
100  3414  1000012  1000014  47.3891923  47.3891923
100  398  1000012  1000014  47.3891923  47.3891923
100  3981  1000012  1000014  47.3891923  47.3891923
100  464  1000012  1000014  47.3891923  47.3891923
100  4641  1000012  1000014  47.3891923  47.3891923
100  541  1000012  1000014  47.3891923  47.3891923
100  5411  1000012  1000014  47.3891923  47.3891923
100  6309  1000012  1000014  47.3891923  47.3891923
100  631  1000012  1000014  47.3891923  47.3891923
100  735  1000012  1000014  47.3891923  47.3891923
100  7356  1000012  1000014  47.3891923  47.3891923
100  857  1000012  1000014  47.3891923  47.3891923
100  8577  1000012  1000014  47.3891923  47.3891923
1166  100  1000012  1000014  47.3891923  47.3891923
1166  1000  1000012  1000014  977.87818  977.87818
1166  10000  1000015  1000012  1143.08398  1144.10032
1166  116  1000012  1000014  71.9419339  71.9419339
1166  1166  1000022  1000024  1108.56437  1109.26747
1166  1359  1000012  1000014  1144.10032  1144.10032
1166  136  1000012  1000014  96.3680858  96.3680858
1166  158  1000012  1000014  122.576617  122.576617
1166  1584  1000012  1000014  1144.10032  1144.10032
1166  184  1000012  1000014  151.656932  151.656932
1166  1847  1000012  1000014  1144.10032  1144.10032
1166  215  1000012  1000014  184.509851  184.509851
1166  2154  1000012  1000014  1144.10032  1144.10032
1166  251  1000012  1000014  222.022351  222.022351
1166  2511  1000012  1000014  1144.10032  1144.10032
1166  292  1000012  1000014  265.142881  265.142881
1166  2928  1000012  1000014  1144.10032  1144.10032
1166  341  1000012  1000014  314.926944  314.926944
1166  3414  1000012  1000014  1144.10032  1144.10032
1166  398  1000012  1000014  372.573171  372.573171
1166  3981  1000012  1000014  1144.10032  1144.10032
1166  464  1000012  1000014  439.457449  439.457449
1166  4641  1000012  1000014  1144.10032  1144.10032
1166  541  1000012  1000014  517.168648  517.168648
1166  5411  1000012  1000014  1144.10032  1144.10032
1166  6309  1000012  1000014  1144.10032  1144.10032
1166  631  1000012  1000014  607.548033  607.548033
1166  735  1000012  1000014  712.733872  712.733872
1166  7356  1000012  1000014  1144.10032  1144.10032
1166  857  1000012  1000014  835.21264  835.21264
1166  8577  1000015  1000012  1144.03719  1144.10032
116  100  1000012  1000014  47.3891923  47.3891923
116  1000  1000012  1000014  71.9419339  71.9419339
116  10000  1000015  1000012  63.594832  71.9419339
116  116  1000022  1000024  66.4439936  71.2377795
116  1166  1000012  1000014  71.9419339  71.9419339
116  1359  1000012  1000014  71.9419339  71.9419339
116  136  1000012  1000014  71.9419339  71.9419339
116  158  1000012  1000014  71.9419339  71.9419339
116  1584  1000012  1000014  71.9419339  71.9419339
116  184  1000012  1000014  71.9419339  71.9419339
116  1847  1000012  1000014  71.9419339  71.9419339
116  215  1000012  1000014  71.9419339  71.9419339
116  2154  1000012  1000014  71.9419339  71.9419339
116  251  1000012  1000014  71.9419339  71.9419339
116  2511  1000012  1000014  71.9419339  71.9419339
116  292  1000012  1000014  71.9419339  71.9419339
116  2928  1000012  1000014  71.9419339  71.9419339
116  341  1000012  1000014  71.9419339  71.9419339
116  3414  1000012  1000014  71.9419339  71.9419339
116  398  1000012  1000014  71.9419339  71.9419339
116  3981  1000012  1000014  71.9419339  71.9419339
116  464  1000012  1000014  71.9419339  71.9419339
116  4641  1000012  1000014  71.9419339  71.9419339
116  541  1000012  1000014  71.9419339  71.9419339
116  5411  1000012  1000014  71.9419339  71.9419339
116  6309  1000012  1000014  71.9419339  71.9419339
116  631  1000012  1000014  71.9419339  71.9419339
116  735  1000012  1000014  71.9419339  71.9419339
116  7356  1000012  1000014  71.9419339  71.9419339
116  857  1000012  1000014  71.9419339  71.9419339
116  8577  1000012  1000014  71.9419339  71.9419339
1359  100  1000012  1000014  47.3891923  47.3891923
1359  1000  1000012  1000014  977.87818  977.87818
1359  10000  1000015  1000012  1336.87444  1337.80465
1359  116  1000012  1000014  71.9419339  71.9419339
1359  1166  1000012  1000014  1144.10032  1144.10032
1359  1359  1000022  1000024  1301.90689  1302.52039
1359  136  1000012  1000014  96.3680858  96.3680858
1359  158  1000012  1000014  122.576617  122.576617
1359  1584  1000012  1000014  1337.80465  1337.80465
1359  184  1000012  1000014  151.656932  151.656932
1359  1847  1000012  1000014  1337.80465  1337.80465
1359  215  1000012  1000014  184.509851  184.509851
1359  2154  1000012  1000014  1337.80465  1337.80465
1359  251  1000012  1000014  222.022351  222.022351
1359  2511  1000012  1000014  1337.80465  1337.80465
1359  292  1000012  1000014  265.142881  265.142881
1359  2928  1000012  1000014  1337.80465  1337.80465
1359  341  1000012  1000014  314.926944  314.926944
1359  3414  1000012  1000014  1337.80465  1337.80465
1359  398  1000012  1000014  372.573171  372.573171
1359  3981  1000012  1000014  1337.80465  1337.80465
1359  464  1000012  1000014  439.457449  439.457449
1359  4641  1000012  1000014  1337.80465  1337.80465
1359  541  1000012  1000014  517.168648  517.168648
1359  5411  1000012  1000014  1337.80465  1337.80465
1359  6309  1000012  1000014  1337.80465  1337.80465
1359  631  1000012  1000014  607.548033  607.548033
1359  735  1000012  1000014  712.733872  712.733872
1359  7356  1000012  1000014  1337.80465  1337.80465
1359  857  1000012  1000014  835.21264  835.21264
1359  8577  1000015  1000012  1337.70537  1337.80465
136  100  1000012  1000014  47.3891923  47.3891923
136  1000  1000012  1000014  96.3680858  96.3680858
136  10000  1000015  1000012  90.1191102  96.3680858
136  116  1000012  1000014  71.9419339  71.9419339
136  1166  1000012  1000014  96.3680858  96.3680858
136  1359  1000012  1000014  96.3680858  96.3680858
136  136  1000022  1000024  84.5372518  88.9290915
136  158  1000022  1000012  95.0987424  96.3680858
136  1584  1000012  1000014  96.3680858  96.3680858
136  184  1000012  1000014  96.3680858  96.3680858
136  1847  1000012  1000014  96.3680858  96.3680858
136  215  1000012  1000014  96.3680858  96.3680858
136  2154  1000012  1000014  96.3680858  96.3680858
136  251  1000012  1000014  96.3680858  96.3680858
136  2511  1000012  1000014  96.3680858  96.3680858
136  292  1000012  1000014  96.3680858  96.3680858
136  2928  1000012  1000014  96.3680858  96.3680858
136  341  1000012  1000014  96.3680858  96.3680858
136  3414  1000012  1000014  96.3680858  96.3680858
136  398  1000012  1000014  96.3680858  96.3680858
136  3981  1000012  1000014  96.3680858  96.3680858
136  464  1000012  1000014  96.3680858  96.3680858
136  4641  1000012  1000014  96.3680858  96.3680858
136  541  1000012  1000014  96.3680858  96.3680858
136  5411  1000012  1000014  96.3680858  96.3680858
136  6309  1000012  1000014  96.3680858  96.3680858
136  631  1000012  1000014  96.3680858  96.3680858
136  735  1000012  1000014  96.3680858  96.3680858
136  7356  1000012  1000014  96.3680858  96.3680858
136  857  1000012  1000014  96.3680858  96.3680858
136  8577  1000012  1000014  96.3680858  96.3680858
1584  100  1000012  1000014  47.3891923  47.3891923
1584  1000  1000012  1000014  977.87818  977.87818
1584  10000  1000015  1000012  1562.71066  1563.5653
1584  116  1000012  1000014  71.9419339  71.9419339
1584  1166  1000012  1000014  1144.10032  1144.10032
1584  1359  1000012  1000014  1337.80465  1337.80465
1584  136  1000012  1000014  96.3680858  96.3680858
1584  158  1000012  1000014  122.576617  122.576617
1584  1584  1000022  1000024  1527.35836  1527.89495
1584  184  1000012  1000014  151.656932  151.656932
1584  1847  1000012  1000014  1563.5653  1563.5653
1584  215  1000012  1000014  184.509851  184.509851
1584  2154  1000012  1000014  1563.5653  1563.5653
1584  251  1000012  1000014  222.022351  222.022351
1584  2511  1000012  1000014  1563.5653  1563.5653
1584  292  1000012  1000014  265.142881  265.142881
1584  2928  1000012  1000014  1563.5653  1563.5653
1584  341  1000012  1000014  314.926944  314.926944
1584  3414  1000012  1000014  1563.5653  1563.5653
1584  398  1000012  1000014  372.573171  372.573171
1584  3981  1000012  1000014  1563.5653  1563.5653
1584  464  1000012  1000014  439.457449  439.457449
1584  4641  1000012  1000014  1563.5653  1563.5653
1584  541  1000012  1000014  517.168648  517.168648
1584  5411  1000012  1000014  1563.5653  1563.5653
1584  6309  1000012  1000014  1563.5653  1563.5653
1584  631  1000012  1000014  607.548033  607.548033
1584  735  1000012  1000014  712.733872  712.733872
1584  7356  1000012  1000014  1563.5653  1563.5653
1584  857  1000012  1000014  835.21264  835.21264
1584  8577  1000015  1000012  1563.43739  1563.5653
158  100  1000012  1000014  47.3891923  47.3891923
158  1000  1000012  1000014  122.576617  122.576617
158  10000  1000015  1000012  117.56384  122.576617
158  116  1000012  1000014  71.9419339  71.9419339
158  1166  1000012  1000014  122.576617  122.576617
158  1359  1000012  1000014  122.576617  122.576617
158  136  1000022  1000012  93.2195225  96.3680858
158  158  1000022  1000024  106.046246  110.016374
158  1584  1000012  1000014  122.576617  122.576617
158  184  1000022  1000024  118.201457  121.000937
158  1847  1000012  1000014  122.576617  122.576617
158  215  1000012  1000014  122.576617  122.576617
158  2154  1000012  1000014  122.576617  122.576617
158  251  1000012  1000014  122.576617  122.576617
158  2511  1000012  1000014  122.576617  122.576617
158  292  1000012  1000014  122.576617  122.576617
158  2928  1000012  1000014  122.576617  122.576617
158  341  1000012  1000014  122.576617  122.576617
158  3414  1000012  1000014  122.576617  122.576617
158  398  1000012  1000014  122.576617  122.576617
158  3981  1000012  1000014  122.576617  122.576617
158  464  1000012  1000014  122.576617  122.576617
158  4641  1000012  1000014  122.576617  122.576617
158  541  1000012  1000014  122.576617  122.576617
158  5411  1000012  1000014  122.576617  122.576617
158  6309  1000012  1000014  122.576617  122.576617
158  631  1000012  1000014  122.576617  122.576617
158  735  1000012  1000014  122.576617  122.576617
158  7356  1000012  1000014  122.576617  122.576617
158  857  1000012  1000014  122.576617  122.576617
158  8577  1000012  1000014  122.576617  122.576617
1847  100  1000012  1000014  47.3891923  47.3891923
1847  1000  1000012  1000014  977.87818  977.87818
1847  10000  1000015  1000012  1825.9242  1826.71306
1847  116  1000012  1000014  71.9419339  71.9419339
1847  1166  1000012  1000014  1144.10032  1144.10032
1847  1359  1000012  1000014  1337.80465  1337.80465
1847  136  1000012  1000014  96.3680858  96.3680858
1847  158  1000012  1000014  122.576617  122.576617
1847  1584  1000012  1000014  1563.5653  1563.5653
1847  184  1000012  1000014  151.656932  151.656932
1847  1847  1000022  1000024  1790.24154  1790.71237
1847  215  1000012  1000014  184.509851  184.509851
1847  2154  1000012  1000014  1826.71306  1826.71306
1847  251  1000012  1000014  222.022351  222.022351
1847  2511  1000012  1000014  1826.71306  1826.71306
1847  292  1000012  1000014  265.142881  265.142881
1847  2928  1000012  1000014  1826.71306  1826.71306
1847  341  1000012  1000014  314.926944  314.926944
1847  3414  1000012  1000014  1826.71306  1826.71306
1847  398  1000012  1000014  372.573171  372.573171
1847  3981  1000012  1000014  1826.71306  1826.71306
1847  464  1000012  1000014  439.457449  439.457449
1847  4641  1000012  1000014  1826.71306  1826.71306
1847  541  1000012  1000014  517.168648  517.168648
1847  5411  1000012  1000014  1826.71306  1826.71306
1847  6309  1000012  1000014  1826.71306  1826.71306
1847  631  1000012  1000014  607.548033  607.548033
1847  735  1000012  1000014  712.733872  712.733872
1847  7356  1000012  1000014  1826.71306  1826.71306
1847  857  1000012  1000014  835.21264  835.21264
1847  8577  1000015  1000012  1826.56221  1826.71306
184  100  1000012  1000014  47.3891923  47.3891923
184  1000  1000012  1000014  151.656932  151.656932
184  10000  1000015  1000012  147.488835  151.656932
184  116  1000012  1000014  71.9419339  71.9419339
184  1166  1000012  1000014  151.656932  151.656932
184  1359  1000012  1000014  151.656932  151.656932
184  136  1000012  1000014  96.3680858  96.3680858
184  158  1000022  1000024  116.290258  121.000937
184  1584  1000012  1000014  151.656932  151.656932
184  184  1000022  1000024  131.469585  135.021464
184  1847  1000012  1000014  151.656932  151.656932
184  215  1000022  1000024  145.371127  147.753158
184  2154  1000012  1000014  151.656932  151.656932
184  251  1000012  1000014  151.656932  151.656932
184  2511  1000012  1000014  151.656932  151.656932
184  292  1000012  1000014  151.656932  151.656932
184  2928  1000012  1000014  151.656932  151.656932
184  341  1000012  1000014  151.656932  151.656932
184  3414  1000012  1000014  151.656932  151.656932
184  398  1000012  1000014  151.656932  151.656932
184  3981  1000012  1000014  151.656932  151.656932
184  464  1000012  1000014  151.656932  151.656932
184  4641  1000012  1000014  151.656932  151.656932
184  541  1000012  1000014  151.656932  151.656932
184  5411  1000012  1000014  151.656932  151.656932
184  6309  1000012  1000014  151.656932  151.656932
184  631  1000012  1000014  151.656932  151.656932
184  735  1000012  1000014  151.656932  151.656932
184  7356  1000012  1000014  151.656932  151.656932
184  857  1000012  1000014  151.656932  151.656932
184  8577  1000012  1000014  151.656932  151.656932
2154  100  1000012  1000014  47.3891923  47.3891923
2154  1000  1000012  1000014  977.87818  977.87818
2154  10000  1000015  1000012  2132.72877  2133.46131
2154  116  1000012  1000014  71.9419339  71.9419339
2154  1166  1000012  1000014  1144.10032  1144.10032
2154  1359  1000012  1000014  1337.80465  1337.80465
2154  136  1000012  1000014  96.3680858  96.3680858
2154  158  1000012  1000014  122.576617  122.576617
2154  1584  1000012  1000014  1563.5653  1563.5653
2154  184  1000012  1000014  151.656932  151.656932
2154  1847  1000012  1000014  1826.71306  1826.71306
2154  215  1000012  1000014  184.509851  184.509851
2154  2154  1000022  1000024  2096.76298  2097.17786
2154  251  1000012  1000014  222.022351  222.022351
2154  2511  1000012  1000014  2133.46131  2133.46131
2154  292  1000012  1000014  265.142881  265.142881
2154  2928  1000012  1000014  2133.46131  2133.46131
2154  341  1000012  1000014  314.926944  314.926944
2154  3414  1000012  1000014  2133.46131  2133.46131
2154  398  1000012  1000014  372.573171  372.573171
2154  3981  1000012  1000014  2133.46131  2133.46131
2154  464  1000012  1000014  439.457449  439.457449
2154  4641  1000012  1000014  2133.46131  2133.46131
2154  541  1000012  1000014  517.168648  517.168648
2154  5411  1000012  1000014  2133.46131  2133.46131
2154  6309  1000012  1000014  2133.46131  2133.46131
2154  631  1000012  1000014  607.548033  607.548033
2154  735  1000012  1000014  712.733872  712.733872
2154  7356  1000012  1000014  2133.46131  2133.46131
2154  857  1000012  1000014  835.21264  835.21264
2154  8577  1000015  1000012  2133.29142  2133.46131
215  100  1000012  1000014  47.3891923  47.3891923
215  1000  1000012  1000014  184.509851  184.509851
215  10000  1000015  1000012  180.966454  184.509851
215  116  1000012  1000014  71.9419339  71.9419339
215  1166  1000012  1000014  184.509851  184.509851
215  1359  1000012  1000014  184.509851  184.509851
215  136  1000012  1000014  96.3680858  96.3680858
215  158  1000012  1000014  122.576617  122.576617
215  1584  1000012  1000014  184.509851  184.509851
215  184  1000022  1000024  143.443413  147.753158
215  1847  1000012  1000014  184.509851  184.509851
215  215  1000022  1000024  161.39885  164.55124
215  2154  1000012  1000014  184.509851  184.509851
215  251  1000022  1000024  177.208985  179.204254
215  2511  1000012  1000014  184.509851  184.509851
215  292  1000012  1000014  184.509851  184.509851
215  2928  1000012  1000014  184.509851  184.509851
215  341  1000012  1000014  184.509851  184.509851
215  3414  1000012  1000014  184.509851  184.509851
215  398  1000012  1000014  184.509851  184.509851
215  3981  1000012  1000014  184.509851  184.509851
215  464  1000012  1000014  184.509851  184.509851
215  4641  1000012  1000014  184.509851  184.509851
215  541  1000012  1000014  184.509851  184.509851
215  5411  1000012  1000014  184.509851  184.509851
215  6309  1000012  1000014  184.509851  184.509851
215  631  1000012  1000014  184.509851  184.509851
215  735  1000012  1000014  184.509851  184.509851
215  7356  1000012  1000014  184.509851  184.509851
215  857  1000012  1000014  184.509851  184.509851
215  8577  1000012  1000014  184.509851  184.509851
2511  100  1000012  1000014  47.3891923  47.3891923
2511  1000  1000012  1000014  977.87818  977.87818
2511  10000  1000015  1000012  2490.36698  2491.05273
2511  116  1000012  1000014  71.9419339  71.9419339
2511  1166  1000012  1000014  1144.10032  1144.10032
2511  1359  1000012  1000014  1337.80465  1337.80465
2511  136  1000012  1000014  96.3680858  96.3680858
2511  158  1000012  1000014  122.576617  122.576617
2511  1584  1000012  1000014  1563.5653  1563.5653
2511  184  1000012  1000014  151.656932  151.656932
2511  1847  1000012  1000014  1826.71306  1826.71306
2511  215  1000012  1000014  184.509851  184.509851
2511  2154  1000012  1000014  2133.46131  2133.46131
2511  251  1000012  1000014  222.022351  222.022351
2511  2511  1000022  1000024  2454.15955  2454.52717
2511  292  1000012  1000014  265.142881  265.142881
2511  2928  1000012  1000014  2491.05273  2491.05273
2511  341  1000012  1000014  314.926944  314.926944
2511  3414  1000012  1000014  2491.05273  2491.05273
2511  398  1000012  1000014  372.573171  372.573171
2511  3981  1000012  1000014  2491.05273  2491.05273
2511  464  1000012  1000014  439.457449  439.457449
2511  4641  1000012  1000014  2491.05273  2491.05273
2511  541  1000012  1000014  517.168648  517.168648
2511  5411  1000012  1000014  2491.05273  2491.05273
2511  6309  1000012  1000014  2491.05273  2491.05273
2511  631  1000012  1000014  607.548033  607.548033
2511  735  1000012  1000014  712.733872  712.733872
2511  7356  1000012  1000014  2491.05273  2491.05273
2511  857  1000012  1000014  835.21264  835.21264
2511  8577  1000015  1000012  2490.86594  2491.05273
251  100  1000012  1000014  47.3891923  47.3891923
251  1000  1000012  1000014  222.022351  222.022351
251  10000  1000015  1000012  218.964006  222.022351
251  116  1000012  1000014  71.9419339  71.9419339
251  1166  1000012  1000014  222.022351  222.022351
251  1359  1000012  1000014  222.022351  222.022351
251  136  1000012  1000014  96.3680858  96.3680858
251  158  1000012  1000014  122.576617  122.576617
251  1584  1000012  1000014  222.022351  222.022351
251  184  1000012  1000014  151.656932  151.656932
251  1847  1000012  1000014  222.022351  222.022351
251  215  1000022  1000024  175.278284  179.204254
251  2154  1000012  1000014  222.022351  222.022351
251  251  1000022  1000024  196.533296  199.314034
251  2511  1000012  1000014  222.022351  222.022351
251  292  1000022  1000024  214.417985  216.063323
251  2928  1000012  1000014  222.022351  222.022351
251  341  1000012  1000014  222.022351  222.022351
251  3414  1000012  1000014  222.022351  222.022351
251  398  1000012  1000014  222.022351  222.022351
251  3981  1000012  1000014  222.022351  222.022351
251  464  1000012  1000014  222.022351  222.022351
251  4641  1000012  1000014  222.022351  222.022351
251  541  1000012  1000014  222.022351  222.022351
251  5411  1000012  1000014  222.022351  222.022351
251  6309  1000012  1000014  222.022351  222.022351
251  631  1000012  1000014  222.022351  222.022351
251  735  1000012  1000014  222.022351  222.022351
251  7356  1000012  1000014  222.022351  222.022351
251  857  1000012  1000014  222.022351  222.022351
251  8577  1000012  1000014  222.022351  222.022351
2928  100  1000012  1000014  47.3891923  47.3891923
2928  1000  1000012  1000014  977.87818  977.87818
2928  10000  1000015  1000012  2907.28119  2907.93035
2928  116  1000012  1000014  71.9419339  71.9419339
2928  1166  1000012  1000014  1144.10032  1144.10032
2928  1359  1000012  1000014  1337.80465  1337.80465
2928  136  1000012  1000014  96.3680858  96.3680858
2928  158  1000012  1000014  122.576617  122.576617
2928  1584  1000012  1000014  1563.5653  1563.5653
2928  184  1000012  1000014  151.656932  151.656932
2928  1847  1000012  1000014  1826.71306  1826.71306
2928  215  1000012  1000014  184.509851  184.509851
2928  2154  1000012  1000014  2133.46131  2133.46131
2928  251  1000012  1000014  222.022351  222.022351
2928  2511  1000012  1000014  2491.05273  2491.05273
2928  292  1000012  1000014  265.142881  265.142881
2928  2928  1000022  1000024  2870.86925  2871.19744
2928  341  1000012  1000014  314.926944  314.926944
2928  3414  1000012  1000014  2907.93035  2907.93035
2928  398  1000012  1000014  372.573171  372.573171
2928  3981  1000012  1000014  2907.93035  2907.93035
2928  464  1000012  1000014  439.457449  439.457449
2928  4641  1000012  1000014  2907.93035  2907.93035
2928  541  1000012  1000014  517.168648  517.168648
2928  5411  1000012  1000014  2907.93035  2907.93035
2928  6309  1000012  1000014  2907.93035  2907.93035
2928  631  1000012  1000014  607.548033  607.548033
2928  735  1000012  1000014  712.733872  712.733872
2928  7356  1000012  1000014  2907.93035  2907.93035
2928  857  1000012  1000014  835.21264  835.21264
2928  8577  1000015  1000012  2907.72686  2907.93035
292  100  1000012  1000014  47.3891923  47.3891923
292  1000  1000012  1000014  265.142881  265.142881
292  10000  1000015  1000012  262.473628  265.142881
292  116  1000012  1000014  71.9419339  71.9419339
292  1166  1000012  1000014  265.142881  265.142881
292  1359  1000012  1000014  265.142881  265.142881
292  136  1000012  1000014  96.3680858  96.3680858
292  158  1000012  1000014  122.576617  122.576617
292  1584  1000012  1000014  265.142881  265.142881
292  184  1000012  1000014  151.656932  151.656932
292  1847  1000012  1000014  265.142881  265.142881
292  215  1000012  1000014  184.509851  184.509851
292  2154  1000012  1000014  265.142881  265.142881
292  251  1000022  1000024  212.496926  216.063323
292  2511  1000012  1000014  265.142881  265.142881
292  292  1000022  1000024  237.696509  240.137989
292  2928  1000012  1000014  265.142881  265.142881
292  341  1000022  1000024  257.817599  259.152633
292  3414  1000012  1000014  265.142881  265.142881
292  398  1000012  1000014  265.142881  265.142881
292  3981  1000012  1000014  265.142881  265.142881
292  464  1000012  1000014  265.142881  265.142881
292  4641  1000012  1000014  265.142881  265.142881
292  541  1000012  1000014  265.142881  265.142881
292  5411  1000012  1000014  265.142881  265.142881
292  6309  1000012  1000014  265.142881  265.142881
292  631  1000012  1000014  265.142881  265.142881
292  735  1000012  1000014  265.142881  265.142881
292  7356  1000012  1000014  265.142881  265.142881
292  857  1000012  1000014  265.142881  265.142881
292  8577  1000012  1000014  265.142881  265.142881
3414  100  1000012  1000014  47.3891923  47.3891923
3414  1000  1000012  1000014  977.87818  977.87818
3414  10000  1000015  1000012  3393.31269  3393.93692
3414  116  1000012  1000014  71.9419339  71.9419339
3414  1166  1000012  1000014  1144.10032  1144.10032
3414  1359  1000012  1000014  1337.80465  1337.80465
3414  136  1000012  1000014  96.3680858  96.3680858
3414  158  1000012  1000014  122.576617  122.576617
3414  1584  1000012  1000014  1563.5653  1563.5653
3414  184  1000012  1000014  151.656932  151.656932
3414  1847  1000012  1000014  1826.71306  1826.71306
3414  215  1000012  1000014  184.509851  184.509851
3414  2154  1000012  1000014  2133.46131  2133.46131
3414  251  1000012  1000014  222.022351  222.022351
3414  2511  1000012  1000014  2491.05273  2491.05273
3414  292  1000012  1000014  265.142881  265.142881
3414  2928  1000012  1000014  2907.93035  2907.93035
3414  341  1000012  1000014  314.926944  314.926944
3414  3414  1000022  1000024  3356.73041  3357.02638
3414  398  1000012  1000014  372.573171  372.573171
3414  3981  1000012  1000014  3393.93692  3393.93692
3414  464  1000012  1000014  439.457449  439.457449
3414  4641  1000012  1000014  3393.93692  3393.93692
3414  541  1000012  1000014  517.168648  517.168648
3414  5411  1000012  1000014  3393.93692  3393.93692
3414  6309  1000012  1000014  3393.93692  3393.93692
3414  631  1000012  1000014  607.548033  607.548033
3414  735  1000012  1000014  712.733872  712.733872
3414  7356  1000012  1000014  3393.93692  3393.93692
3414  857  1000012  1000014  835.21264  835.21264
3414  8577  1000015  1000012  3393.71461  3393.93692
341  100  1000012  1000014  47.3891923  47.3891923
341  1000  1000012  1000014  314.926944  314.926944
341  10000  1000015  1000012  312.577124  314.926944
341  116  1000012  1000014  71.9419339  71.9419339
341  1166  1000012  1000014  314.926944  314.926944
341  1359  1000012  1000014  314.926944  314.926944
341  136  1000012  1000014  96.3680858  96.3680858
341  158  1000012  1000014  122.576617  122.576617
341  1584  1000012  1000014  314.926944  314.926944
341  184  1000012  1000014  151.656932  151.656932
341  1847  1000012  1000014  314.926944  314.926944
341  215  1000012  1000014  184.509851  184.509851
341  2154  1000012  1000014  314.926944  314.926944
341  251  1000012  1000014  222.022351  222.022351
341  2511  1000012  1000014  314.926944  314.926944
341  292  1000022  1000024  255.918724  259.152633
341  2928  1000012  1000014  314.926944  314.926944
341  341  1000022  1000024  285.855717  287.991805
341  3414  1000012  1000014  314.926944  314.926944
341  398  1000022  1000024  308.361476  309.426418
341  3981  1000012  1000014  314.926944  314.926944
341  464  1000012  1000014  314.926944  314.926944
341  4641  1000012  1000014  314.926944  314.926944
341  541  1000012  1000014  314.926944  314.926944
341  5411  1000012  1000014  314.926944  314.926944
341  6309  1000012  1000014  314.926944  314.926944
341  631  1000012  1000014  314.926944  314.926944
341  735  1000012  1000014  314.926944  314.926944
341  7356  1000012  1000014  314.926944  314.926944
341  857  1000012  1000014  314.926944  314.926944
341  8577  1000012  1000014  314.926944  314.926944
3981  100  1000012  1000014  47.3891923  47.3891923
3981  1000  1000012  1000014  977.87818  977.87818
3981  10000  1000015  1000012  3959.93354  3960.54728
3981  116  1000012  1000014  71.9419339  71.9419339
3981  1166  1000012  1000014  1144.10032  1144.10032
3981  1359  1000012  1000014  1337.80465  1337.80465
3981  136  1000012  1000014  96.3680858  96.3680858
3981  158  1000012  1000014  122.576617  122.576617
3981  1584  1000012  1000014  1563.5653  1563.5653
3981  184  1000012  1000014  151.656932  151.656932
3981  1847  1000012  1000014  1826.71306  1826.71306
3981  215  1000012  1000014  184.509851  184.509851
3981  2154  1000012  1000014  2133.46131  2133.46131
3981  251  1000012  1000014  222.022351  222.022351
3981  2511  1000012  1000014  2491.05273  2491.05273
3981  292  1000012  1000014  265.142881  265.142881
3981  2928  1000012  1000014  2907.93035  2907.93035
3981  341  1000012  1000014  314.926944  314.926944
3981  3414  1000012  1000014  3393.93692  3393.93692
3981  398  1000012  1000014  372.573171  372.573171
3981  3981  1000022  1000024  3923.21383  3923.48457
3981  464  1000012  1000014  439.457449  439.457449
3981  4641  1000012  1000014  3960.54728  3960.54728
3981  541  1000012  1000014  517.168648  517.168648
3981  5411  1000012  1000014  3960.54728  3960.54728
3981  6309  1000012  1000014  3960.54728  3960.54728
3981  631  1000012  1000014  607.548033  607.548033
3981  735  1000012  1000014  712.733872  712.733872
3981  7356  1000012  1000014  3960.54728  3960.54728
3981  857  1000012  1000014  835.21264  835.21264
3981  8577  1000015  1000012  3960.30097  3960.54728
398  100  1000012  1000014  47.3891923  47.3891923
398  1000  1000012  1000014  372.573171  372.573171
398  10000  1000015  1000012  370.490162  372.573171
398  116  1000012  1000014  71.9419339  71.9419339
398  1166  1000012  1000014  372.573171  372.573171
398  1359  1000012  1000014  372.573171  372.573171
398  136  1000012  1000014  96.3680858  96.3680858
398  158  1000012  1000014  122.576617  122.576617
398  1584  1000012  1000014  372.573171  372.573171
398  184  1000012  1000014  151.656932  151.656932
398  1847  1000012  1000014  372.573171  372.573171
398  215  1000012  1000014  184.509851  184.509851
398  2154  1000012  1000014  372.573171  372.573171
398  251  1000012  1000014  222.022351  222.022351
398  2511  1000012  1000014  372.573171  372.573171
398  292  1000012  1000014  265.142881  265.142881
398  2928  1000012  1000014  372.573171  372.573171
398  341  1000022  1000024  306.497803  309.426418
398  3414  1000012  1000014  372.573171  372.573171
398  398  1000022  1000024  342.144419  344.008464
398  3981  1000012  1000014  372.573171  372.573171
398  464  1000022  1000024  367.158969  367.993166
398  4641  1000012  1000014  372.573171  372.573171
398  541  1000012  1000014  372.573171  372.573171
398  5411  1000012  1000014  372.573171  372.573171
398  6309  1000012  1000014  372.573171  372.573171
398  631  1000012  1000014  372.573171  372.573171
398  735  1000012  1000014  372.573171  372.573171
398  7356  1000012  1000014  372.573171  372.573171
398  857  1000012  1000014  372.573171  372.573171
398  8577  1000012  1000014  372.573171  372.573171
4641  100  1000012  1000014  47.3891923  47.3891923
4641  1000  1000012  1000014  977.87818  977.87818
4641  10000  1000015  1000012  4620.51637  4621.13937
4641  116  1000012  1000014  71.9419339  71.9419339
4641  1166  1000012  1000014  1144.10032  1144.10032
4641  1359  1000012  1000014  1337.80465  1337.80465
4641  136  1000012  1000014  96.3680858  96.3680858
4641  158  1000012  1000014  122.576617  122.576617
4641  1584  1000012  1000014  1563.5653  1563.5653
4641  184  1000012  1000014  151.656932  151.656932
4641  1847  1000012  1000014  1826.71306  1826.71306
4641  215  1000012  1000014  184.509851  184.509851
4641  2154  1000012  1000014  2133.46131  2133.46131
4641  251  1000012  1000014  222.022351  222.022351
4641  2511  1000012  1000014  2491.05273  2491.05273
4641  292  1000012  1000014  265.142881  265.142881
4641  2928  1000012  1000014  2907.93035  2907.93035
4641  341  1000012  1000014  314.926944  314.926944
4641  3414  1000012  1000014  3393.93692  3393.93692
4641  398  1000012  1000014  372.573171  372.573171
4641  3981  1000012  1000014  3960.54728  3960.54728
4641  464  1000012  1000014  439.457449  439.457449
4641  4641  1000022  1000024  4583.69342  4583.94625
4641  541  1000012  1000014  517.168648  517.168648
4641  5411  1000012  1000014  4621.13937  4621.13937
4641  6309  1000012  1000014  4621.13937  4621.13937
4641  631  1000012  1000014  607.548033  607.548033
4641  735  1000012  1000014  712.733872  712.733872
4641  7356  1000015  1000012  4621.11585  4621.13937
4641  857  1000012  1000014  835.21264  835.21264
4641  8577  1000015  1000012  4620.85912  4621.13937
464  100  1000012  1000014  47.3891923  47.3891923
464  1000  1000012  1000014  439.457449  439.457449
464  10000  1000015  1000012  437.600297  439.457449
464  116  1000012  1000014  71.9419339  71.9419339
464  1166  1000012  1000014  439.457449  439.457449
464  1359  1000012  1000014  439.457449  439.457449
464  136  1000012  1000014  96.3680858  96.3680858
464  158  1000012  1000014  122.576617  122.576617
464  1584  1000012  1000014  439.457449  439.457449
464  184  1000012  1000014  151.656932  151.656932
464  1847  1000012  1000014  439.457449  439.457449
464  215  1000012  1000014  184.509851  184.509851
464  2154  1000012  1000014  439.457449  439.457449
464  251  1000012  1000014  222.022351  222.022351
464  2511  1000012  1000014  439.457449  439.457449
464  292  1000012  1000014  265.142881  265.142881
464  2928  1000012  1000014  439.457449  439.457449
464  341  1000012  1000014  314.926944  314.926944
464  3414  1000012  1000014  439.457449  439.457449
464  398  1000022  1000024  365.344215  367.993166
464  3981  1000012  1000014  439.457449  439.457449
464  464  1000022  1000024  407.888923  409.512558
464  4641  1000012  1000014  439.457449  439.457449
464  541  1000022  1000024  435.501596  436.142546
464  5411  1000012  1000014  439.457449  439.457449
464  6309  1000012  1000014  439.457449  439.457449
464  631  1000012  1000014  439.457449  439.457449
464  735  1000012  1000014  439.457449  439.457449
464  7356  1000012  1000014  439.457449  439.457449
464  857  1000012  1000014  439.457449  439.457449
464  8577  1000012  1000014  439.457449  439.457449
5411  100  1000012  1000014  47.3891923  47.3891923
5411  1000  1000012  1000014  977.87818  977.87818
5411  10000  1000015  1000012  5390.64714  5391.31001
5411  116  1000012  1000014  71.9419339  71.9419339
5411  1166  1000012  1000014  1144.10032  1144.10032
5411  1359  1000012  1000014  1337.80465  1337.80465
5411  136  1000012  1000014  96.3680858  96.3680858
5411  158  1000012  1000014  122.576617  122.576617
5411  1584  1000012  1000014  1563.5653  1563.5653
5411  184  1000012  1000014  151.656932  151.656932
5411  1847  1000012  1000014  1826.71306  1826.71306
5411  215  1000012  1000014  184.509851  184.509851
5411  2154  1000012  1000014  2133.46131  2133.46131
5411  251  1000012  1000014  222.022351  222.022351
5411  2511  1000012  1000014  2491.05273  2491.05273
5411  292  1000012  1000014  265.142881  265.142881
5411  2928  1000012  1000014  2907.93035  2907.93035
5411  341  1000012  1000014  314.926944  314.926944
5411  3414  1000012  1000014  3393.93692  3393.93692
5411  398  1000012  1000014  372.573171  372.573171
5411  3981  1000012  1000014  3960.54728  3960.54728
5411  464  1000012  1000014  439.457449  439.457449
5411  4641  1000012  1000014  4621.13937  4621.13937
5411  541  1000012  1000014  517.168648  517.168648
5411  5411  1000022  1000024  5353.76138  5354.00512
5411  6309  1000012  1000014  5391.31001  5391.31001
5411  631  1000012  1000014  607.548033  607.548033
5411  735  1000012  1000014  712.733872  712.733872
5411  7356  1000015  1000012  5391.2236  5391.31001
5411  857  1000012  1000014  835.21264  835.21264
5411  8577  1000015  1000012  5390.97722  5391.31001
541  100  1000012  1000014  47.3891923  47.3891923
541  1000  1000012  1000014  517.168648  517.168648
541  10000  1000015  1000012  515.504738  517.168648
541  116  1000012  1000014  71.9419339  71.9419339
541  1166  1000012  1000014  517.168648  517.168648
541  1359  1000012  1000014  517.168648  517.168648
541  136  1000012  1000014  96.3680858  96.3680858
541  158  1000012  1000014  122.576617  122.576617
541  1584  1000012  1000014  517.168648  517.168648
541  184  1000012  1000014  151.656932  151.656932
541  1847  1000012  1000014  517.168648  517.168648
541  215  1000012  1000014  184.509851  184.509851
541  2154  1000012  1000014  517.168648  517.168648
541  251  1000012  1000014  222.022351  222.022351
541  2511  1000012  1000014  517.168648  517.168648
541  292  1000012  1000014  265.142881  265.142881
541  2928  1000012  1000014  517.168648  517.168648
541  341  1000012  1000014  314.926944  314.926944
541  3414  1000012  1000014  517.168648  517.168648
541  398  1000012  1000014  372.573171  372.573171
541  3981  1000012  1000014  517.168648  517.168648
541  464  1000022  1000024  433.750011  436.142546
541  4641  1000012  1000014  517.168648  517.168648
541  541  1000022  1000024  484.639468  486.051953
541  5411  1000012  1000014  517.168648  517.168648
541  6309  1000012  1000014  517.168648  517.168648
541  631  1000022  1000024  514.895579  515.378186
541  735  1000012  1000014  517.168648  517.168648
541  7356  1000012  1000014  517.168648  517.168648
541  857  1000012  1000014  517.168648  517.168648
541  8577  1000012  1000014  517.168648  517.168648
6309  100  1000012  1000014  47.3891923  47.3891923
6309  1000  1000012  1000014  977.87818  977.87818
6309  10000  1000015  1000012  6288.48435  6289.24319
6309  116  1000012  1000014  71.9419339  71.9419339
6309  1166  1000012  1000014  1144.10032  1144.10032
6309  1359  1000012  1000014  1337.80465  1337.80465
6309  136  1000012  1000014  96.3680858  96.3680858
6309  158  1000012  1000014  122.576617  122.576617
6309  1584  1000012  1000014  1563.5653  1563.5653
6309  184  1000012  1000014  151.656932  151.656932
6309  1847  1000012  1000014  1826.71306  1826.71306
6309  215  1000012  1000014  184.509851  184.509851
6309  2154  1000012  1000014  2133.46131  2133.46131
6309  251  1000012  1000014  222.022351  222.022351
6309  2511  1000012  1000014  2491.05273  2491.05273
6309  292  1000012  1000014  265.142881  265.142881
6309  2928  1000012  1000014  2907.93035  2907.93035
6309  341  1000012  1000014  314.926944  314.926944
6309  3414  1000012  1000014  3393.93692  3393.93692
6309  398  1000012  1000014  372.573171  372.573171
6309  3981  1000012  1000014  3960.54728  3960.54728
6309  464  1000012  1000014  439.457449  439.457449
6309  4641  1000012  1000014  4621.13937  4621.13937
6309  541  1000012  1000014  517.168648  517.168648
6309  5411  1000012  1000014  5391.31001  5391.31001
6309  6309  1000022  1000024  6251.59465  6251.84251
6309  631  1000012  1000014  607.548033  607.548033
6309  735  1000012  1000014  712.733872  712.733872
6309  7356  1000015  1000012  6289.06969  6289.24319
6309  857  1000012  1000014  835.21264  835.21264
6309  8577  1000015  1000012  6288.82006  6289.24319
631  100  1000012  1000014  47.3891923  47.3891923
631  1000  1000012  1000014  607.548033  607.548033
631  10000  1000015  1000012  606.0509  607.548033
631  116  1000012  1000014  71.9419339  71.9419339
631  1166  1000012  1000014  607.548033  607.548033
631  1359  1000012  1000014  607.548033  607.548033
631  136  1000012  1000014  96.3680858  96.3680858
631  158  1000012  1000014  122.576617  122.576617
631  1584  1000012  1000014  607.548033  607.548033
631  184  1000012  1000014  151.656932  151.656932
631  1847  1000012  1000014  607.548033  607.548033
631  215  1000012  1000014  184.509851  184.509851
631  2154  1000012  1000014  607.548033  607.548033
631  251  1000012  1000014  222.022351  222.022351
631  2511  1000012  1000014  607.548033  607.548033
631  292  1000012  1000014  265.142881  265.142881
631  2928  1000012  1000014  607.548033  607.548033
631  341  1000012  1000014  314.926944  314.926944
631  3414  1000012  1000014  607.548033  607.548033
631  398  1000012  1000014  372.573171  372.573171
631  3981  1000012  1000014  607.548033  607.548033
631  464  1000012  1000014  439.457449  439.457449
631  4641  1000012  1000014  607.548033  607.548033
631  541  1000022  1000024  513.221367  515.378186
631  5411  1000012  1000014  607.548033  607.548033
631  6309  1000012  1000014  607.548033  607.548033
631  631  1000022  1000024  574.206658  575.434595
631  735  1000022  1000024  607.101402  607.457347
631  7356  1000012  1000014  607.548033  607.548033
631  857  1000012  1000014  607.548033  607.548033
631  8577  1000012  1000014  607.548033  607.548033
7356  100  1000012  1000014  47.3891923  47.3891923
7356  1000  1000012  1000014  977.87818  977.87818
7356  10000  1000015  1000012  7335.15201  7336.13941
7356  116  1000012  1000014  71.9419339  71.9419339
7356  1166  1000012  1000014  1144.10032  1144.10032
7356  1359  1000012  1000014  1337.80465  1337.80465
7356  136  1000012  1000014  96.3680858  96.3680858
7356  158  1000012  1000014  122.576617  122.576617
7356  1584  1000012  1000014  1563.5653  1563.5653
7356  184  1000012  1000014  151.656932  151.656932
7356  1847  1000012  1000014  1826.71306  1826.71306
7356  215  1000012  1000014  184.509851  184.509851
7356  2154  1000012  1000014  2133.46131  2133.46131
7356  251  1000012  1000014  222.022351  222.022351
7356  2511  1000012  1000014  2491.05273  2491.05273
7356  292  1000012  1000014  265.142881  265.142881
7356  2928  1000012  1000014  2907.93035  2907.93035
7356  341  1000012  1000014  314.926944  314.926944
7356  3414  1000012  1000014  3393.93692  3393.93692
7356  398  1000012  1000014  372.573171  372.573171
7356  3981  1000012  1000014  3960.54728  3960.54728
7356  464  1000012  1000014  439.457449  439.457449
7356  4641  1000012  1000014  4621.13937  4621.13937
7356  541  1000012  1000014  517.168648  517.168648
7356  5411  1000012  1000014  5391.31001  5391.31001
7356  6309  1000012  1000014  6289.24319  6289.24319
7356  631  1000012  1000014  607.548033  607.548033
7356  735  1000012  1000014  712.733872  712.733872
7356  7356  1000022  1000024  7298.37734  7298.65662
7356  857  1000012  1000014  835.21264  835.21264
7356  8577  1000015  1000012  7335.53177  7336.13941
735  100  1000012  1000014  47.3891923  47.3891923
735  1000  1000012  1000014  712.733872  712.733872
735  10000  1000015  1000012  711.3817  712.733872
735  116  1000012  1000014  71.9419339  71.9419339
735  1166  1000012  1000014  712.733872  712.733872
735  1359  1000012  1000014  712.733872  712.733872
735  136  1000012  1000014  96.3680858  96.3680858
735  158  1000012  1000014  122.576617  122.576617
735  1584  1000012  1000014  712.733872  712.733872
735  184  1000012  1000014  151.656932  151.656932
735  1847  1000012  1000014  712.733872  712.733872
735  215  1000012  1000014  184.509851  184.509851
735  2154  1000012  1000014  712.733872  712.733872
735  251  1000012  1000014  222.022351  222.022351
735  2511  1000012  1000014  712.733872  712.733872
735  292  1000012  1000014  265.142881  265.142881
735  2928  1000012  1000014  712.733872  712.733872
735  341  1000012  1000014  314.926944  314.926944
735  3414  1000012  1000014  712.733872  712.733872
735  398  1000012  1000014  372.573171  372.573171
735  3981  1000012  1000014  712.733872  712.733872
735  464  1000012  1000014  439.457449  439.457449
735  4641  1000012  1000014  712.733872  712.733872
735  541  1000012  1000014  517.168648  517.168648
735  5411  1000012  1000014  712.733872  712.733872
735  6309  1000012  1000014  712.733872  712.733872
735  631  1000022  1000024  605.51778  607.457347
735  735  1000022  1000024  678.704089  679.77136
735  7356  1000012  1000014  712.733872  712.733872
735  857  1000012  1000014  712.733872  712.733872
735  8577  1000012  1000014  712.733872  712.733872
8577  100  1000012  1000014  47.3891923  47.3891923
8577  1000  1000012  1000014  977.87818  977.87818
8577  10000  1000015  1000012  8554.98913  8556.71624
8577  116  1000012  1000014  71.9419339  71.9419339
8577  1166  1000012  1000014  1144.10032  1144.10032
8577  1359  1000012  1000014  1337.80465  1337.80465
8577  136  1000012  1000014  96.3680858  96.3680858
8577  158  1000012  1000014  122.576617  122.576617
8577  1584  1000012  1000014  1563.5653  1563.5653
8577  184  1000012  1000014  151.656932  151.656932
8577  1847  1000012  1000014  1826.71306  1826.71306
8577  215  1000012  1000014  184.509851  184.509851
8577  2154  1000012  1000014  2133.46131  2133.46131
8577  251  1000012  1000014  222.022351  222.022351
8577  2511  1000012  1000014  2491.05273  2491.05273
8577  292  1000012  1000014  265.142881  265.142881
8577  2928  1000012  1000014  2907.93035  2907.93035
8577  341  1000012  1000014  314.926944  314.926944
8577  3414  1000012  1000014  3393.93692  3393.93692
8577  398  1000012  1000014  372.573171  372.573171
8577  3981  1000012  1000014  3960.54728  3960.54728
8577  464  1000012  1000014  439.457449  439.457449
8577  4641  1000012  1000014  4621.13937  4621.13937
8577  541  1000012  1000014  517.168648  517.168648
8577  5411  1000012  1000014  5391.31001  5391.31001
8577  6309  1000012  1000014  6289.24319  6289.24319
8577  631  1000012  1000014  607.548033  607.548033
8577  735  1000012  1000014  712.733872  712.733872
8577  7356  1000015  1000012  7335.80475  7336.13941
8577  857  1000012  1000014  835.21264  835.21264
8577  8577  1000022  1000024  8518.75457  8519.16305
857  100  1000012  1000014  47.3891923  47.3891923
857  1000  1000012  1000014  835.21264  835.21264
857  10000  1000015  1000012  833.987184  835.21264
857  116  1000012  1000014  71.9419339  71.9419339
857  1166  1000012  1000014  835.21264  835.21264
857  1359  1000012  1000014  835.21264  835.21264
857  136  1000012  1000014  96.3680858  96.3680858
857  158  1000012  1000014  122.576617  122.576617
857  1584  1000012  1000014  835.21264  835.21264
857  184  1000012  1000014  151.656932  151.656932
857  1847  1000012  1000014  835.21264  835.21264
857  215  1000012  1000014  184.509851  184.509851
857  2154  1000012  1000014  835.21264  835.21264
857  251  1000012  1000014  222.022351  222.022351
857  2511  1000012  1000014  835.21264  835.21264
857  292  1000012  1000014  265.142881  265.142881
857  2928  1000012  1000014  835.21264  835.21264
857  341  1000012  1000014  314.926944  314.926944
857  3414  1000012  1000014  835.21264  835.21264
857  398  1000012  1000014  372.573171  372.573171
857  3981  1000012  1000014  835.21264  835.21264
857  464  1000012  1000014  439.457449  439.457449
857  4641  1000012  1000014  835.21264  835.21264
857  541  1000012  1000014  517.168648  517.168648
857  5411  1000012  1000014  835.21264  835.21264
857  6309  1000012  1000014  835.21264  835.21264
857  631  1000012  1000014  607.548033  607.548033
857  735  1000022  1000012  712.699045  712.733872
857  7356  1000012  1000014  835.21264  835.21264
857  857  1000022  1000024  800.598151  801.526004
857  8577  1000012  1000014  835.21264  835.21264
